72
8
location0 location1 location2 location3 location4 location5 location6 location7 location8 location9 location10 location11 location12 location13 location14 location15 location16 location17 location18 location19 location20 location21 location22 location23 location24 location25 location26 location27 location28 location29 location30 location31 location32 location33 location34 location35 location36 location37 location38 location39 location40 location41 location42 location43 location44 location45 location46 location47 location48 location49 location50 location51 location52 location53 location54 location55 location56 location57 location58 location59 location60 location61 location62 location63 location64 location65 location66 location67 location68 location69 location70 location71 
location0 location22 location29 location31 location53 location55 location58 location60 
location25
x 570 454 933 418 84 376 353 374 106 949 422 131 775 682 658 841 348 170 887 672 970 280 167 862 948 69 676 956 605 438 201 801 138 373 788 833 165 874 5 227 728 46 960 964 690 506 455 820 275 711 277 461 870 986 836 126 316 958 3 790 602 959 656 752 516 583 993 741 528 950 879 
570 x 116 363 152 486 194 217 196 464 379 148 439 205 112 88 271 222 400 317 102 400 290 403 292 378 501 106 386 35 132 369 231 432 197 218 263 405 304 565 343 158 524 390 394 120 64 115 250 295 141 293 109 300 416 266 444 254 388 573 220 32 389 86 182 54 13 423 171 42 380 309 
454 116 x 479 36 370 78 101 80 348 495 32 323 321 228 204 387 106 284 433 218 516 174 287 408 494 385 222 502 151 16 253 347 316 81 334 379 289 420 449 227 274 408 506 510 236 52 1 366 179 257 177 7 416 532 382 328 138 504 457 336 148 505 202 298 62 129 539 287 74 496 425 
933 363 479 x 515 849 557 580 559 827 16 511 802 158 251 275 92 585 763 46 261 37 653 766 71 15 864 257 23 328 495 732 132 795 560 145 100 768 59 928 706 205 887 27 31 243 427 478 113 658 222 656 472 63 53 97 807 617 25 936 143 331 26 277 181 417 350 60 192 405 17 54 
418 152 36 515 x 334 42 65 44 312 531 4 287 357 264 240 423 70 248 469 254 552 138 251 444 530 349 258 538 187 20 217 383 280 45 370 415 253 456 413 191 310 372 542 546 272 88 37 402 143 293 141 43 452 568 418 292 102 540 421 372 184 541 238 334 98 165 575 323 110 532 461 
84 486 370 849 334 x 292 269 290 22 865 338 47 691 598 574 757 264 86 803 588 886 196 83 778 864 15 592 872 521 354 117 717 54 289 704 749 81 790 79 143 644 38 876 880 606 422 371 736 191 627 193 377 786 902 752 42 232 874 87 706 518 875 572 668 432 499 909 657 444 866 795 
376 194 78 557 42 292 x 23 2 270 573 46 245 399 306 282 465 28 206 511 296 594 96 209 486 572 307 300 580 229 62 175 425 238 3 412 457 211 498 371 149 352 330 584 588 314 130 79 444 101 335 99 85 494 610 460 250 60 582 379 414 226 583 280 376 140 207 617 365 152 574 503 
353 217 101 580 65 269 23 x 21 247 596 69 222 422 329 305 488 5 183 534 319 617 73 186 509 595 284 323 603 252 85 152 448 215 20 435 480 188 521 348 126 375 307 607 611 337 153 102 467 78 358 76 108 517 633 483 227 37 605 356 437 249 606 303 399 163 230 640 388 175 597 526 
374 196 80 559 44 290 2 21 x 268 575 48 243 401 308 284 467 26 204 513 298 596 94 207 488 574 305 302 582 231 64 173 427 236 1 414 459 209 500 369 147 354 328 586 590 316 132 81 446 99 337 97 87 496 612 462 248 58 584 377 416 228 585 282 378 142 209 619 367 154 576 505 
106 464 348 827 312 22 270 247 268 x 843 316 25 669 576 552 735 242 64 781 566 864 174 61 756 842 37 570 850 499 332 95 695 32 267 682 727 59 768 101 121 622 60 854 858 584 400 349 714 169 605 171 355 764 880 730 20 210 852 109 684 496 853 550 646 410 477 887 635 422 844 773 
949 379 495 16 531 865 573 596 575 843 x 527 818 174 267 291 108 601 779 62 277 21 669 782 87 1 880 273 7 344 511 748 148 811 576 161 116 784 75 944 722 221 903 11 15 259 443 494 129 674 238 672 488 79 37 113 823 633 9 952 159 347 10 293 197 433 366 44 208 421 1 70 
422 148 32 511 4 338 46 69 48 316 527 x 291 353 260 236 419 74 252 465 250 548 142 255 440 526 353 254 534 183 16 221 379 284 49 366 411 257 452 417 195 306 376 538 542 268 84 33 398 147 289 145 39 448 564 414 296 106 536 425 368 180 537 234 330 94 161 571 319 106 528 457 
131 439 323 802 287 47 245 222 243 25 818 291 x 644 551 527 710 217 39 756 541 839 149 36 731 817 62 545 825 474 307 70 670 7 242 657 702 34 743 126 96 597 85 829 833 559 375 324 689 144 580 146 330 739 855 705 5 185 827 134 659 471 828 525 621 385 452 862 610 397 819 748 
775 205 321 158 357 691 399 422 401 669 174 353 644 x 93 117 66 427 605 112 103 195 495 608 87 173 706 99 181 170 337 574 26 637 402 13 58 610 99 770 548 47 729 185 189 85 269 320 45 500 64 498 314 95 211 61 649 459 183 778 15 173 184 119 23 259 192 218 34 247 175 104 
682 112 228 251 264 598 306 329 308 576 267 260 551 93 x 24 159 334 512 205 10 288 402 515 180 266 613 6 274 77 244 481 119 544 309 106 151 517 192 677 455 46 636 278 282 8 176 227 138 407 29 405 221 188 304 154 556 366 276 685 108 80 277 26 70 166 99 311 59 154 268 197 
658 88 204 275 240 574 282 305 284 552 291 236 527 117 24 x 183 310 488 229 14 312 378 491 204 290 589 18 298 53 220 457 143 520 285 130 175 493 216 653 431 70 612 302 306 32 152 203 162 383 53 381 197 212 328 178 532 342 300 661 132 56 301 2 94 142 75 335 83 130 292 221 
841 271 387 92 423 757 465 488 467 735 108 419 710 66 159 183 x 493 671 46 169 129 561 674 21 107 772 165 115 236 403 640 40 703 468 53 8 676 33 836 614 113 795 119 123 151 335 386 21 566 130 564 380 29 145 5 715 525 117 844 51 239 118 185 89 325 258 152 100 313 109 38 
348 222 106 585 70 264 28 5 26 242 601 74 217 427 334 310 493 x 178 539 324 622 68 181 514 600 279 328 608 257 90 147 453 210 25 440 485 183 526 343 121 380 302 612 616 342 158 107 472 73 363 71 113 522 638 488 222 32 610 351 442 254 611 308 404 168 235 645 393 180 602 531 
170 400 284 763 248 86 206 183 204 64 779 252 39 605 512 488 671 178 x 717 502 800 110 3 692 778 101 506 786 435 268 31 631 32 203 618 663 5 704 165 57 558 124 790 794 520 336 285 650 105 541 107 291 700 816 666 44 146 788 173 620 432 789 486 582 346 413 823 571 358 780 709 
887 317 433 46 469 803 511 534 513 781 62 465 756 112 205 229 46 539 717 x 215 83 607 720 25 61 818 211 69 282 449 686 86 749 514 99 54 722 13 882 660 159 841 73 77 197 381 432 67 612 176 610 426 17 99 51 761 571 71 890 97 285 72 231 135 371 304 106 146 359 63 8 
672 102 218 261 254 588 296 319 298 566 277 250 541 103 10 14 169 324 502 215 x 298 392 505 190 276 603 4 284 67 234 471 129 534 299 116 161 507 202 667 445 56 626 288 292 18 166 217 148 397 39 395 211 198 314 164 546 356 286 675 118 70 287 16 80 156 89 321 69 144 278 207 
970 400 516 37 552 886 594 617 596 864 21 548 839 195 288 312 129 622 800 83 298 x 690 803 108 22 901 294 14 365 532 769 169 832 597 182 137 805 96 965 743 242 924 10 6 280 464 515 150 695 259 693 509 100 16 134 844 654 12 973 180 368 11 314 218 454 387 23 229 442 20 91 
280 290 174 653 138 196 96 73 94 174 669 142 149 495 402 378 561 68 110 607 392 690 x 113 582 668 211 396 676 325 158 79 521 142 93 508 553 115 594 275 53 448 234 680 684 410 226 175 540 5 431 3 181 590 706 556 154 36 678 283 510 322 679 376 472 236 303 713 461 248 670 599 
167 403 287 766 251 83 209 186 207 61 782 255 36 608 515 491 674 181 3 720 505 803 113 x 695 781 98 509 789 438 271 34 634 29 206 621 666 2 707 162 60 561 121 793 797 523 339 288 653 108 544 110 294 703 819 669 41 149 791 170 623 435 792 489 585 349 416 826 574 361 783 712 
862 292 408 71 444 778 486 509 488 756 87 440 731 87 180 204 21 514 692 25 190 108 582 695 x 86 793 186 94 257 424 661 61 724 489 74 29 697 12 857 635 134 816 98 102 172 356 407 42 587 151 585 401 8 124 26 736 546 96 865 72 260 97 206 110 346 279 131 121 334 88 17 
948 378 494 15 530 864 572 595 574 842 1 526 817 173 266 290 107 600 778 61 276 22 668 781 86 x 879 272 8 343 510 747 147 810 575 160 115 783 74 943 721 220 902 12 16 258 442 493 128 673 237 671 487 78 38 112 822 632 10 951 158 346 11 292 196 432 365 45 207 420 2 69 
69 501 385 864 349 15 307 284 305 37 880 353 62 706 613 589 772 279 101 818 603 901 211 98 793 879 x 607 887 536 369 132 732 69 304 719 764 96 805 64 158 659 23 891 895 621 437 386 751 206 642 208 392 801 917 767 57 247 889 72 721 533 890 587 683 447 514 924 672 459 881 810 
676 106 222 257 258 592 300 323 302 570 273 254 545 99 6 18 165 328 506 211 4 294 396 509 186 272 607 x 280 71 238 475 125 538 303 112 157 511 198 671 449 52 630 284 288 14 170 221 144 401 35 399 215 194 310 160 550 360 282 679 114 74 283 20 76 160 93 317 65 148 274 203 
956 386 502 23 538 872 580 603 582 850 7 534 825 181 274 298 115 608 786 69 284 14 676 789 94 8 887 280 x 351 518 755 155 818 583 168 123 791 82 951 729 228 910 4 8 266 450 501 136 681 245 679 495 86 30 120 830 640 2 959 166 354 3 300 204 440 373 37 215 428 6 77 
605 35 151 328 187 521 229 252 231 499 344 183 474 170 77 53 236 257 435 282 67 365 325 438 257 343 536 71 351 x 167 404 196 467 232 183 228 440 269 600 378 123 559 355 359 85 99 150 215 330 106 328 144 265 381 231 479 289 353 608 185 3 354 51 147 89 22 388 136 77 345 274 
438 132 16 495 20 354 62 85 64 332 511 16 307 337 244 220 403 90 268 449 234 532 158 271 424 510 369 238 518 167 x 237 363 300 65 350 395 273 436 433 211 290 392 522 526 252 68 17 382 163 273 161 23 432 548 398 312 122 520 441 352 164 521 218 314 78 145 555 303 90 512 441 
201 369 253 732 217 117 175 152 173 95 748 221 70 574 481 457 640 147 31 686 471 769 79 34 661 747 132 475 755 404 237 x 600 63 172 587 632 36 673 196 26 527 155 759 763 489 305 254 619 74 510 76 260 669 785 635 75 115 757 204 589 401 758 455 551 315 382 792 540 327 749 678 
801 231 347 132 383 717 425 448 427 695 148 379 670 26 119 143 40 453 631 86 129 169 521 634 61 147 732 125 155 196 363 600 x 663 428 13 32 636 73 796 574 73 755 159 163 111 295 346 19 526 90 524 340 69 185 35 675 485 157 804 11 199 158 145 49 285 218 192 60 273 149 78 
138 432 316 795 280 54 238 215 236 32 811 284 7 637 544 520 703 210 32 749 534 832 142 29 724 810 69 538 818 467 300 63 663 x 235 650 695 27 736 133 89 590 92 822 826 552 368 317 682 137 573 139 323 732 848 698 12 178 820 141 652 464 821 518 614 378 445 855 603 390 812 741 
373 197 81 560 45 289 3 20 1 267 576 49 242 402 309 285 468 25 203 514 299 597 93 206 489 575 304 303 583 232 65 172 428 235 x 415 460 208 501 368 146 355 327 587 591 317 133 82 447 98 338 96 88 497 613 463 247 57 585 376 417 229 586 283 379 143 210 620 368 155 577 506 
788 218 334 145 370 704 412 435 414 682 161 366 657 13 106 130 53 440 618 99 116 182 508 621 74 160 719 112 168 183 350 587 13 650 415 x 45 623 86 783 561 60 742 172 176 98 282 333 32 513 77 511 327 82 198 48 662 472 170 791 2 186 171 132 36 272 205 205 47 260 162 91 
833 263 379 100 415 749 457 480 459 727 116 411 702 58 151 175 8 485 663 54 161 137 553 666 29 115 764 157 123 228 395 632 32 695 460 45 x 668 41 828 606 105 787 127 131 143 327 378 13 558 122 556 372 37 153 3 707 517 125 836 43 231 126 177 81 317 250 160 92 305 117 46 
165 405 289 768 253 81 211 188 209 59 784 257 34 610 517 493 676 183 5 722 507 805 115 2 697 783 96 511 791 440 273 36 636 27 208 623 668 x 709 160 62 563 119 795 799 525 341 290 655 110 546 112 296 705 821 671 39 151 793 168 625 437 794 491 587 351 418 828 576 363 785 714 
874 304 420 59 456 790 498 521 500 768 75 452 743 99 192 216 33 526 704 13 202 96 594 707 12 74 805 198 82 269 436 673 73 736 501 86 41 709 x 869 647 146 828 86 90 184 368 419 54 599 163 597 413 4 112 38 748 558 84 877 84 272 85 218 122 358 291 119 133 346 76 5 
5 565 449 928 413 79 371 348 369 101 944 417 126 770 677 653 836 343 165 882 667 965 275 162 857 943 64 671 951 600 433 196 796 133 368 783 828 160 869 x 222 723 41 955 959 685 501 450 815 270 706 272 456 865 981 831 121 311 953 8 785 597 954 651 747 511 578 988 736 523 945 874 
227 343 227 706 191 143 149 126 147 121 722 195 96 548 455 431 614 121 57 660 445 743 53 60 635 721 158 449 729 378 211 26 574 89 146 561 606 62 647 222 x 501 181 733 737 463 279 228 593 48 484 50 234 643 759 609 101 89 731 230 563 375 732 429 525 289 356 766 514 301 723 652 
728 158 274 205 310 644 352 375 354 622 221 306 597 47 46 70 113 380 558 159 56 242 448 561 134 220 659 52 228 123 290 527 73 590 355 60 105 563 146 723 501 x 682 232 236 38 222 273 92 453 17 451 267 142 258 108 602 412 230 731 62 126 231 72 24 212 145 265 13 200 222 151 
46 524 408 887 372 38 330 307 328 60 903 376 85 729 636 612 795 302 124 841 626 924 234 121 816 902 23 630 910 559 392 155 755 92 327 742 787 119 828 41 181 682 x 914 918 644 460 409 774 229 665 231 415 824 940 790 80 270 912 49 744 556 913 610 706 470 537 947 695 482 904 833 
960 390 506 27 542 876 584 607 586 854 11 538 829 185 278 302 119 612 790 73 288 10 680 793 98 12 891 284 4 355 522 759 159 822 587 172 127 795 86 955 733 232 914 x 4 270 454 505 140 685 249 683 499 90 26 124 834 644 2 963 170 358 1 304 208 444 377 33 219 432 10 81 
964 394 510 31 546 880 588 611 590 858 15 542 833 189 282 306 123 616 794 77 292 6 684 797 102 16 895 288 8 359 526 763 163 826 591 176 131 799 90 959 737 236 918 4 x 274 458 509 144 689 253 687 503 94 22 128 838 648 6 967 174 362 5 308 212 448 381 29 223 436 14 85 
690 120 236 243 272 606 314 337 316 584 259 268 559 85 8 32 151 342 520 197 18 280 410 523 172 258 621 14 266 85 252 489 111 552 317 98 143 525 184 685 463 38 644 270 274 x 184 235 130 415 21 413 229 180 296 146 564 374 268 693 100 88 269 34 62 174 107 303 51 162 260 189 
506 64 52 427 88 422 130 153 132 400 443 84 375 269 176 152 335 158 336 381 166 464 226 339 356 442 437 170 450 99 68 305 295 368 133 282 327 341 368 501 279 222 460 454 458 184 x 51 314 231 205 229 45 364 480 330 380 190 452 509 284 96 453 150 246 10 77 487 235 22 444 373 
455 115 1 478 37 371 79 102 81 349 494 33 324 320 227 203 386 107 285 432 217 515 175 288 407 493 386 221 501 150 17 254 346 317 82 333 378 290 419 450 228 273 409 505 509 235 51 x 365 180 256 178 6 415 531 381 329 139 503 458 335 147 504 201 297 61 128 538 286 73 495 424 
820 250 366 113 402 736 444 467 446 714 129 398 689 45 138 162 21 472 650 67 148 150 540 653 42 128 751 144 136 215 382 619 19 682 447 32 13 655 54 815 593 92 774 140 144 130 314 365 x 545 109 543 359 50 166 16 694 504 138 823 30 218 139 164 68 304 237 173 79 292 130 59 
275 295 179 658 143 191 101 78 99 169 674 147 144 500 407 383 566 73 105 612 397 695 5 108 587 673 206 401 681 330 163 74 526 137 98 513 558 110 599 270 48 453 229 685 689 415 231 180 545 x 436 2 186 595 711 561 149 41 683 278 515 327 684 381 477 241 308 718 466 253 675 604 
711 141 257 222 293 627 335 358 337 605 238 289 580 64 29 53 130 363 541 176 39 259 431 544 151 237 642 35 245 106 273 510 90 573 338 77 122 546 163 706 484 17 665 249 253 21 205 256 109 436 x 434 250 159 275 125 585 395 247 714 79 109 248 55 41 195 128 282 30 183 239 168 
277 293 177 656 141 193 99 76 97 171 672 145 146 498 405 381 564 71 107 610 395 693 3 110 585 671 208 399 679 328 161 76 524 139 96 511 556 112 597 272 50 451 231 683 687 413 229 178 543 2 434 x 184 593 709 559 151 39 681 280 513 325 682 379 475 239 306 716 464 251 673 602 
461 109 7 472 43 377 85 108 87 355 488 39 330 314 221 197 380 113 291 426 211 509 181 294 401 487 392 215 495 144 23 260 340 323 88 327 372 296 413 456 234 267 415 499 503 229 45 6 359 186 250 184 x 409 525 375 335 145 497 464 329 141 498 195 291 55 122 532 280 67 489 418 
870 300 416 63 452 786 494 517 496 764 79 448 739 95 188 212 29 522 700 17 198 100 590 703 8 78 801 194 86 265 432 669 69 732 497 82 37 705 4 865 643 142 824 90 94 180 364 415 50 595 159 593 409 x 116 34 744 554 88 873 80 268 89 214 118 354 287 123 129 342 80 9 
986 416 532 53 568 902 610 633 612 880 37 564 855 211 304 328 145 638 816 99 314 16 706 819 124 38 917 310 30 381 548 785 185 848 613 198 153 821 112 981 759 258 940 26 22 296 480 531 166 711 275 709 525 116 x 150 860 670 28 989 196 384 27 330 234 470 403 7 245 458 36 107 
836 266 382 97 418 752 460 483 462 730 113 414 705 61 154 178 5 488 666 51 164 134 556 669 26 112 767 160 120 231 398 635 35 698 463 48 3 671 38 831 609 108 790 124 128 146 330 381 16 561 125 559 375 34 150 x 710 520 122 839 46 234 123 180 84 320 253 157 95 308 114 43 
126 444 328 807 292 42 250 227 248 20 823 296 5 649 556 532 715 222 44 761 546 844 154 41 736 822 57 550 830 479 312 75 675 12 247 662 707 39 748 121 101 602 80 834 838 564 380 329 694 149 585 151 335 744 860 710 x 190 832 129 664 476 833 530 626 390 457 867 615 402 824 753 
316 254 138 617 102 232 60 37 58 210 633 106 185 459 366 342 525 32 146 571 356 654 36 149 546 632 247 360 640 289 122 115 485 178 57 472 517 151 558 311 89 412 270 644 648 374 190 139 504 41 395 39 145 554 670 520 190 x 642 319 474 286 643 340 436 200 267 677 425 212 634 563 
958 388 504 25 540 874 582 605 584 852 9 536 827 183 276 300 117 610 788 71 286 12 678 791 96 10 889 282 2 353 520 757 157 820 585 170 125 793 84 953 731 230 912 2 6 268 452 503 138 683 247 681 497 88 28 122 832 642 x 961 168 356 1 302 206 442 375 35 217 430 8 79 
3 573 457 936 421 87 379 356 377 109 952 425 134 778 685 661 844 351 173 890 675 973 283 170 865 951 72 679 959 608 441 204 804 141 376 791 836 168 877 8 230 731 49 963 967 693 509 458 823 278 714 280 464 873 989 839 129 319 961 x 793 605 962 659 755 519 586 996 744 531 953 882 
790 220 336 143 372 706 414 437 416 684 159 368 659 15 108 132 51 442 620 97 118 180 510 623 72 158 721 114 166 185 352 589 11 652 417 2 43 625 84 785 563 62 744 170 174 100 284 335 30 515 79 513 329 80 196 46 664 474 168 793 x 188 169 134 38 274 207 203 49 262 160 89 
602 32 148 331 184 518 226 249 228 496 347 180 471 173 80 56 239 254 432 285 70 368 322 435 260 346 533 74 354 3 164 401 199 464 229 186 231 437 272 597 375 126 556 358 362 88 96 147 218 327 109 325 141 268 384 234 476 286 356 605 188 x 357 54 150 86 19 391 139 74 348 277 
959 389 505 26 541 875 583 606 585 853 10 537 828 184 277 301 118 611 789 72 287 11 679 792 97 11 890 283 3 354 521 758 158 821 586 171 126 794 85 954 732 231 913 1 5 269 453 504 139 684 248 682 498 89 27 123 833 643 1 962 169 357 x 303 207 443 376 34 218 431 9 80 
656 86 202 277 238 572 280 303 282 550 293 234 525 119 26 2 185 308 486 231 16 314 376 489 206 292 587 20 300 51 218 455 145 518 283 132 177 491 218 651 429 72 610 304 308 34 150 201 164 381 55 379 195 214 330 180 530 340 302 659 134 54 303 x 96 140 73 337 85 128 294 223 
752 182 298 181 334 668 376 399 378 646 197 330 621 23 70 94 89 404 582 135 80 218 472 585 110 196 683 76 204 147 314 551 49 614 379 36 81 587 122 747 525 24 706 208 212 62 246 297 68 477 41 475 291 118 234 84 626 436 206 755 38 150 207 96 x 236 169 241 11 224 198 127 
516 54 62 417 98 432 140 163 142 410 433 94 385 259 166 142 325 168 346 371 156 454 236 349 346 432 447 160 440 89 78 315 285 378 143 272 317 351 358 511 289 212 470 444 448 174 10 61 304 241 195 239 55 354 470 320 390 200 442 519 274 86 443 140 236 x 67 477 225 12 434 363 
583 13 129 350 165 499 207 230 209 477 366 161 452 192 99 75 258 235 413 304 89 387 303 416 279 365 514 93 373 22 145 382 218 445 210 205 250 418 291 578 356 145 537 377 381 107 77 128 237 308 128 306 122 287 403 253 457 267 375 586 207 19 376 73 169 67 x 410 158 55 367 296 
993 423 539 60 575 909 617 640 619 887 44 571 862 218 311 335 152 645 823 106 321 23 713 826 131 45 924 317 37 388 555 792 192 855 620 205 160 828 119 988 766 265 947 33 29 303 487 538 173 718 282 716 532 123 7 157 867 677 35 996 203 391 34 337 241 477 410 x 252 465 43 114 
741 171 287 192 323 657 365 388 367 635 208 319 610 34 59 83 100 393 571 146 69 229 461 574 121 207 672 65 215 136 303 540 60 603 368 47 92 576 133 736 514 13 695 219 223 51 235 286 79 466 30 464 280 129 245 95 615 425 217 744 49 139 218 85 11 225 158 252 x 213 209 138 
528 42 74 405 110 444 152 175 154 422 421 106 397 247 154 130 313 180 358 359 144 442 248 361 334 420 459 148 428 77 90 327 273 390 155 260 305 363 346 523 301 200 482 432 436 162 22 73 292 253 183 251 67 342 458 308 402 212 430 531 262 74 431 128 224 12 55 465 213 x 422 351 
950 380 496 17 532 866 574 597 576 844 1 528 819 175 268 292 109 602 780 63 278 20 670 783 88 2 881 274 6 345 512 749 149 812 577 162 117 785 76 945 723 222 904 10 14 260 444 495 130 675 239 673 489 80 36 114 824 634 8 953 160 348 9 294 198 434 367 43 209 422 x 71 
879 309 425 54 461 795 503 526 505 773 70 457 748 104 197 221 38 531 709 8 207 91 599 712 17 69 810 203 77 274 441 678 78 741 506 91 46 714 5 874 652 151 833 81 85 189 373 424 59 604 168 602 418 9 107 43 753 563 79 882 89 277 80 223 127 363 296 114 138 351 71 x 
