55
28
location0 location1 location2 location3 location4 location5 location6 location7 location8 location9 location10 location11 location12 location13 location14 location15 location16 location17 location18 location19 location20 location21 location22 location23 location24 location25 location26 location27 location28 location29 location30 location31 location32 location33 location34 location35 location36 location37 location38 location39 location40 location41 location42 location43 location44 location45 location46 location47 location48 location49 location50 location51 location52 location53 location54 
location0 location1 location2 location3 location4 location5 location6 location8 location16 location19 location20 location26 location29 location30 location32 location34 location35 location37 location38 location39 location40 location41 location42 location44 location48 location49 location51 location54 
location45
x 497 515 514 262 43 434 418 120 336 171 391 433 458 330 193 511 318 537 362 444 393 57 20 445 235 316 199 94 417 261 372 384 486 453 243 526 534 1 321 203 187 501 218 366 139 130 296 403 394 520 160 6 479 84 
497 x 18 17 759 454 931 915 617 833 668 888 64 39 167 690 14 815 40 135 941 890 554 477 52 262 181 696 403 80 236 869 113 11 44 254 29 37 498 176 700 684 4 279 131 636 367 793 900 103 23 657 503 18 413 
515 18 x 1 777 472 949 933 635 851 686 906 82 57 185 708 4 833 22 153 959 908 572 495 70 280 199 714 421 98 254 887 131 29 62 272 11 19 516 194 718 702 14 297 149 654 385 811 918 121 5 675 521 36 431 
514 17 1 x 776 471 948 932 634 850 685 905 81 56 184 707 3 832 23 152 958 907 571 494 69 279 198 713 420 97 253 886 130 28 61 271 12 20 515 193 717 701 13 296 148 653 384 810 917 120 6 674 520 35 430 
262 759 777 776 x 305 172 156 142 74 91 129 695 720 592 69 773 56 799 624 182 131 205 282 707 497 578 63 356 679 523 110 646 748 715 505 788 796 261 583 59 75 763 480 628 123 392 34 141 656 782 102 256 741 346 
43 454 472 471 305 x 477 461 163 379 214 434 390 415 287 236 468 361 494 319 487 436 100 23 402 192 273 242 51 374 218 415 341 443 410 200 483 491 44 278 246 230 458 175 323 182 87 339 446 351 477 203 49 436 41 
434 931 949 948 172 477 x 16 314 98 263 43 867 892 764 241 945 116 971 796 10 41 377 454 879 669 750 235 528 851 695 62 818 920 887 677 960 968 433 755 231 247 935 652 800 295 564 138 31 828 954 274 428 913 518 
418 915 933 932 156 461 16 x 298 82 247 27 851 876 748 225 929 100 955 780 26 25 361 438 863 653 734 219 512 835 679 46 802 904 871 661 944 952 417 739 215 231 919 636 784 279 548 122 15 812 938 258 412 897 502 
120 617 635 634 142 163 314 298 x 216 51 271 553 578 450 73 631 198 657 482 324 273 63 140 565 355 436 79 214 537 381 252 504 606 573 363 646 654 119 441 83 67 621 338 486 19 250 176 283 514 640 40 114 599 204 
336 833 851 850 74 379 98 82 216 x 165 55 769 794 666 143 847 18 873 698 108 57 279 356 781 571 652 137 430 753 597 36 720 822 789 579 862 870 335 657 133 149 837 554 702 197 466 40 67 730 856 176 330 815 420 
171 668 686 685 91 214 263 247 51 165 x 220 604 629 501 22 682 147 708 533 273 222 114 191 616 406 487 28 265 588 432 201 555 657 624 414 697 705 170 492 32 16 672 389 537 32 301 125 232 565 691 11 165 650 255 
391 888 906 905 129 434 43 27 271 55 220 x 824 849 721 198 902 73 928 753 53 2 334 411 836 626 707 192 485 808 652 19 775 877 844 634 917 925 390 712 188 204 892 609 757 252 521 95 12 785 911 231 385 870 475 
433 64 82 81 695 390 867 851 553 769 604 824 x 25 103 626 78 751 104 71 877 826 490 413 12 198 117 632 339 16 172 805 49 53 20 190 93 101 434 112 636 620 68 215 67 572 303 729 836 39 87 593 439 46 349 
458 39 57 56 720 415 892 876 578 794 629 849 25 x 128 651 53 776 79 96 902 851 515 438 13 223 142 657 364 41 197 830 74 28 5 215 68 76 459 137 661 645 43 240 92 597 328 754 861 64 62 618 464 21 374 
330 167 185 184 592 287 764 748 450 666 501 721 103 128 x 523 181 648 207 32 774 723 387 310 115 95 14 529 236 87 69 702 54 156 123 87 196 204 331 9 533 517 171 112 36 469 200 626 733 64 190 490 336 149 246 
193 690 708 707 69 236 241 225 73 143 22 198 626 651 523 x 704 125 730 555 251 200 136 213 638 428 509 6 287 610 454 179 577 679 646 436 719 727 192 514 10 6 694 411 559 54 323 103 210 587 713 33 187 672 277 
511 14 4 3 773 468 945 929 631 847 682 902 78 53 181 704 x 829 26 149 955 904 568 491 66 276 195 710 417 94 250 883 127 25 58 268 15 23 512 190 714 698 10 293 145 650 381 807 914 117 9 671 517 32 427 
318 815 833 832 56 361 116 100 198 18 147 73 751 776 648 125 829 x 855 680 126 75 261 338 763 553 634 119 412 735 579 54 702 804 771 561 844 852 317 639 115 131 819 536 684 179 448 22 85 712 838 158 312 797 402 
537 40 22 23 799 494 971 955 657 873 708 928 104 79 207 730 26 855 x 175 981 930 594 517 92 302 221 736 443 120 276 909 153 51 84 294 11 3 538 216 740 724 36 319 171 676 407 833 940 143 17 697 543 58 453 
362 135 153 152 624 319 796 780 482 698 533 753 71 96 32 555 149 680 175 x 806 755 419 342 83 127 46 561 268 55 101 734 22 124 91 119 164 172 363 41 565 549 139 144 4 501 232 658 765 32 158 522 368 117 278 
444 941 959 958 182 487 10 26 324 108 273 53 877 902 774 251 955 126 981 806 x 51 387 464 889 679 760 245 538 861 705 72 828 930 897 687 970 978 443 765 241 257 945 662 810 305 574 148 41 838 964 284 438 923 528 
393 890 908 907 131 436 41 25 273 57 222 2 826 851 723 200 904 75 930 755 51 x 336 413 838 628 709 194 487 810 654 21 777 879 846 636 919 927 392 714 190 206 894 611 759 254 523 97 10 787 913 233 387 872 477 
57 554 572 571 205 100 377 361 63 279 114 334 490 515 387 136 568 261 594 419 387 336 x 77 502 292 373 142 151 474 318 315 441 543 510 300 583 591 56 378 146 130 558 275 423 82 187 239 346 451 577 103 51 536 141 
20 477 495 494 282 23 454 438 140 356 191 411 413 438 310 213 491 338 517 342 464 413 77 x 425 215 296 219 74 397 241 392 364 466 433 223 506 514 21 301 223 207 481 198 346 159 110 316 423 374 500 180 26 459 64 
445 52 70 69 707 402 879 863 565 781 616 836 12 13 115 638 66 763 92 83 889 838 502 425 x 210 129 644 351 28 184 817 61 41 8 202 81 89 446 124 648 632 56 227 79 584 315 741 848 51 75 605 451 34 361 
235 262 280 279 497 192 669 653 355 571 406 626 198 223 95 428 276 553 302 127 679 628 292 215 210 x 81 434 141 182 26 607 149 251 218 8 291 299 236 86 438 422 266 17 131 374 105 531 638 159 285 395 241 244 151 
316 181 199 198 578 273 750 734 436 652 487 707 117 142 14 509 195 634 221 46 760 709 373 296 129 81 x 515 222 101 55 688 68 170 137 73 210 218 317 5 519 503 185 98 50 455 186 612 719 78 204 476 322 163 232 
199 696 714 713 63 242 235 219 79 137 28 192 632 657 529 6 710 119 736 561 245 194 142 219 644 434 515 x 293 616 460 173 583 685 652 442 725 733 198 520 4 12 700 417 565 60 329 97 204 593 719 39 193 678 283 
94 403 421 420 356 51 528 512 214 430 265 485 339 364 236 287 417 412 443 268 538 487 151 74 351 141 222 293 x 323 167 466 290 392 359 149 432 440 95 227 297 281 407 124 272 233 36 390 497 300 426 254 100 385 10 
417 80 98 97 679 374 851 835 537 753 588 808 16 41 87 610 94 735 120 55 861 810 474 397 28 182 101 616 323 x 156 789 33 69 36 174 109 117 418 96 620 604 84 199 51 556 287 713 820 23 103 577 423 62 333 
261 236 254 253 523 218 695 679 381 597 432 652 172 197 69 454 250 579 276 101 705 654 318 241 184 26 55 460 167 156 x 633 123 225 192 18 265 273 262 60 464 448 240 43 105 400 131 557 664 133 259 421 267 218 177 
372 869 887 886 110 415 62 46 252 36 201 19 805 830 702 179 883 54 909 734 72 21 315 392 817 607 688 173 466 789 633 x 756 858 825 615 898 906 371 693 169 185 873 590 738 233 502 76 31 766 892 212 366 851 456 
384 113 131 130 646 341 818 802 504 720 555 775 49 74 54 577 127 702 153 22 828 777 441 364 61 149 68 583 290 33 123 756 x 102 69 141 142 150 385 63 587 571 117 166 18 523 254 680 787 10 136 544 390 95 300 
486 11 29 28 748 443 920 904 606 822 657 877 53 28 156 679 25 804 51 124 930 879 543 466 41 251 170 685 392 69 225 858 102 x 33 243 40 48 487 165 689 673 15 268 120 625 356 782 889 92 34 646 492 7 402 
453 44 62 61 715 410 887 871 573 789 624 844 20 5 123 646 58 771 84 91 897 846 510 433 8 218 137 652 359 36 192 825 69 33 x 210 73 81 454 132 656 640 48 235 87 592 323 749 856 59 67 613 459 26 369 
243 254 272 271 505 200 677 661 363 579 414 634 190 215 87 436 268 561 294 119 687 636 300 223 202 8 73 442 149 174 18 615 141 243 210 x 283 291 244 78 446 430 258 25 123 382 113 539 646 151 277 403 249 236 159 
526 29 11 12 788 483 960 944 646 862 697 917 93 68 196 719 15 844 11 164 970 919 583 506 81 291 210 725 432 109 265 898 142 40 73 283 x 8 527 205 729 713 25 308 160 665 396 822 929 132 6 686 532 47 442 
534 37 19 20 796 491 968 952 654 870 705 925 101 76 204 727 23 852 3 172 978 927 591 514 89 299 218 733 440 117 273 906 150 48 81 291 8 x 535 213 737 721 33 316 168 673 404 830 937 140 14 694 540 55 450 
1 498 516 515 261 44 433 417 119 335 170 390 434 459 331 192 512 317 538 363 443 392 56 21 446 236 317 198 95 418 262 371 385 487 454 244 527 535 x 322 202 186 502 219 367 138 131 295 402 395 521 159 5 480 85 
321 176 194 193 583 278 755 739 441 657 492 712 112 137 9 514 190 639 216 41 765 714 378 301 124 86 5 520 227 96 60 693 63 165 132 78 205 213 322 x 524 508 180 103 45 460 191 617 724 73 199 481 327 158 237 
203 700 718 717 59 246 231 215 83 133 32 188 636 661 533 10 714 115 740 565 241 190 146 223 648 438 519 4 297 620 464 169 587 689 656 446 729 737 202 524 x 16 704 421 569 64 333 93 200 597 723 43 197 682 287 
187 684 702 701 75 230 247 231 67 149 16 204 620 645 517 6 698 131 724 549 257 206 130 207 632 422 503 12 281 604 448 185 571 673 640 430 713 721 186 508 16 x 688 405 553 48 317 109 216 581 707 27 181 666 271 
501 4 14 13 763 458 935 919 621 837 672 892 68 43 171 694 10 819 36 139 945 894 558 481 56 266 185 700 407 84 240 873 117 15 48 258 25 33 502 180 704 688 x 283 135 640 371 797 904 107 19 661 507 22 417 
218 279 297 296 480 175 652 636 338 554 389 609 215 240 112 411 293 536 319 144 662 611 275 198 227 17 98 417 124 199 43 590 166 268 235 25 308 316 219 103 421 405 283 x 148 357 88 514 621 176 302 378 224 261 134 
366 131 149 148 628 323 800 784 486 702 537 757 67 92 36 559 145 684 171 4 810 759 423 346 79 131 50 565 272 51 105 738 18 120 87 123 160 168 367 45 569 553 135 148 x 505 236 662 769 28 154 526 372 113 282 
139 636 654 653 123 182 295 279 19 197 32 252 572 597 469 54 650 179 676 501 305 254 82 159 584 374 455 60 233 556 400 233 523 625 592 382 665 673 138 460 64 48 640 357 505 x 269 157 264 533 659 21 133 618 223 
130 367 385 384 392 87 564 548 250 466 301 521 303 328 200 323 381 448 407 232 574 523 187 110 315 105 186 329 36 287 131 502 254 356 323 113 396 404 131 191 333 317 371 88 236 269 x 426 533 264 390 290 136 349 46 
296 793 811 810 34 339 138 122 176 40 125 95 729 754 626 103 807 22 833 658 148 97 239 316 741 531 612 97 390 713 557 76 680 782 749 539 822 830 295 617 93 109 797 514 662 157 426 x 107 690 816 136 290 775 380 
403 900 918 917 141 446 31 15 283 67 232 12 836 861 733 210 914 85 940 765 41 10 346 423 848 638 719 204 497 820 664 31 787 889 856 646 929 937 402 724 200 216 904 621 769 264 533 107 x 797 923 243 397 882 487 
394 103 121 120 656 351 828 812 514 730 565 785 39 64 64 587 117 712 143 32 838 787 451 374 51 159 78 593 300 23 133 766 10 92 59 151 132 140 395 73 597 581 107 176 28 533 264 690 797 x 126 554 400 85 310 
520 23 5 6 782 477 954 938 640 856 691 911 87 62 190 713 9 838 17 158 964 913 577 500 75 285 204 719 426 103 259 892 136 34 67 277 6 14 521 199 723 707 19 302 154 659 390 816 923 126 x 680 526 41 436 
160 657 675 674 102 203 274 258 40 176 11 231 593 618 490 33 671 158 697 522 284 233 103 180 605 395 476 39 254 577 421 212 544 646 613 403 686 694 159 481 43 27 661 378 526 21 290 136 243 554 680 x 154 639 244 
6 503 521 520 256 49 428 412 114 330 165 385 439 464 336 187 517 312 543 368 438 387 51 26 451 241 322 193 100 423 267 366 390 492 459 249 532 540 5 327 197 181 507 224 372 133 136 290 397 400 526 154 x 485 90 
479 18 36 35 741 436 913 897 599 815 650 870 46 21 149 672 32 797 58 117 923 872 536 459 34 244 163 678 385 62 218 851 95 7 26 236 47 55 480 158 682 666 22 261 113 618 349 775 882 85 41 639 485 x 395 
84 413 431 430 346 41 518 502 204 420 255 475 349 374 246 277 427 402 453 278 528 477 141 64 361 151 232 283 10 333 177 456 300 402 369 159 442 450 85 237 287 271 417 134 282 223 46 380 487 310 436 244 90 395 x 
