49
25
location0 location1 location2 location3 location4 location5 location6 location7 location8 location9 location10 location11 location12 location13 location14 location15 location16 location17 location18 location19 location20 location21 location22 location23 location24 location25 location26 location27 location28 location29 location30 location31 location32 location33 location34 location35 location36 location37 location38 location39 location40 location41 location42 location43 location44 location45 location46 location47 location48 
location0 location1 location2 location3 location4 location5 location6 location7 location8 location9 location10 location11 location12 location13 location14 location15 location16 location17 location18 location19 location20 location22 location23 location25 location26 
location30
x 883 921 766 666 264 300 834 603 823 355 798 115 821 724 322 475 573 283 304 370 195 134 91 161 107 738 909 509 593 382 939 415 841 569 912 153 828 895 252 532 814 918 435 16 168 281 507 892 
883 x 38 117 217 619 583 49 280 60 528 85 768 62 159 561 408 310 600 579 513 688 749 792 722 776 145 26 374 290 501 56 468 42 314 29 730 55 12 631 351 69 35 448 899 715 602 376 9 
921 38 x 155 255 657 621 87 318 98 566 123 806 100 197 599 446 348 638 617 551 726 787 830 760 814 183 12 412 328 539 18 506 80 352 9 768 93 26 669 389 107 3 486 937 753 640 414 29 
766 117 155 x 100 502 466 68 163 57 411 32 651 55 42 444 291 193 483 462 396 571 632 675 605 659 28 143 257 173 384 173 351 75 197 146 613 62 129 514 234 48 152 331 782 598 485 259 126 
666 217 255 100 x 402 366 168 63 157 311 132 551 155 58 344 191 93 383 362 296 471 532 575 505 559 72 243 157 73 284 273 251 175 97 246 513 162 229 414 134 148 252 231 682 498 385 159 226 
264 619 657 502 402 x 36 570 339 559 91 534 149 557 460 58 211 309 19 40 106 69 130 173 103 157 474 645 245 329 118 675 151 577 305 648 111 564 631 12 268 550 654 171 280 96 17 243 628 
300 583 621 466 366 36 x 534 303 523 55 498 185 521 424 22 175 273 17 4 70 105 166 209 139 193 438 609 209 293 82 639 115 541 269 612 147 528 595 48 232 514 618 135 316 132 19 207 592 
834 49 87 68 168 570 534 x 231 11 479 36 719 13 110 512 359 261 551 530 464 639 700 743 673 727 96 75 325 241 452 105 419 7 265 78 681 6 61 582 302 20 84 399 850 666 553 327 58 
603 280 318 163 63 339 303 231 x 220 248 195 488 218 121 281 128 30 320 299 233 408 469 512 442 496 135 306 94 10 221 336 188 238 34 309 450 225 292 351 71 211 315 168 619 435 322 96 289 
823 60 98 57 157 559 523 11 220 x 468 25 708 2 99 501 348 250 540 519 453 628 689 732 662 716 85 86 314 230 441 116 408 18 254 89 670 5 72 571 291 9 95 388 839 655 542 316 69 
355 528 566 411 311 91 55 479 248 468 x 443 240 466 369 33 120 218 72 51 15 160 221 264 194 248 383 554 154 238 27 584 60 486 214 557 202 473 540 103 177 459 563 80 371 187 74 152 537 
798 85 123 32 132 534 498 36 195 25 443 x 683 23 74 476 323 225 515 494 428 603 664 707 637 691 60 111 289 205 416 141 383 43 229 114 645 30 97 546 266 16 120 363 814 630 517 291 94 
115 768 806 651 551 149 185 719 488 708 240 683 x 706 609 207 360 458 168 189 255 80 19 24 46 8 623 794 394 478 267 824 300 726 454 797 38 713 780 137 417 699 803 320 131 53 166 392 777 
821 62 100 55 155 557 521 13 218 2 466 23 706 x 97 499 346 248 538 517 451 626 687 730 660 714 83 88 312 228 439 118 406 20 252 91 668 7 74 569 289 7 97 386 837 653 540 314 71 
724 159 197 42 58 460 424 110 121 99 369 74 609 97 x 402 249 151 441 420 354 529 590 633 563 617 14 185 215 131 342 215 309 117 155 188 571 104 171 472 192 90 194 289 740 556 443 217 168 
322 561 599 444 344 58 22 512 281 501 33 476 207 499 402 x 153 251 39 18 48 127 188 231 161 215 416 587 187 271 60 617 93 519 247 590 169 506 573 70 210 492 596 113 338 154 41 185 570 
475 408 446 291 191 211 175 359 128 348 120 323 360 346 249 153 x 98 192 171 105 280 341 384 314 368 263 434 34 118 93 464 60 366 94 437 322 353 420 223 57 339 443 40 491 307 194 32 417 
573 310 348 193 93 309 273 261 30 250 218 225 458 248 151 251 98 x 290 269 203 378 439 482 412 466 165 336 64 20 191 366 158 268 4 339 420 255 322 321 41 241 345 138 589 405 292 66 319 
283 600 638 483 383 19 17 551 320 540 72 515 168 538 441 39 192 290 x 21 87 88 149 192 122 176 455 626 226 310 99 656 132 558 286 629 130 545 612 31 249 531 635 152 299 115 2 224 609 
304 579 617 462 362 40 4 530 299 519 51 494 189 517 420 18 171 269 21 x 66 109 170 213 143 197 434 605 205 289 78 635 111 537 265 608 151 524 591 52 228 510 614 131 320 136 23 203 588 
370 513 551 396 296 106 70 464 233 453 15 428 255 451 354 48 105 203 87 66 x 175 236 279 209 263 368 539 139 223 12 569 45 471 199 542 217 458 525 118 162 444 548 65 386 202 89 137 522 
195 688 726 571 471 69 105 639 408 628 160 603 80 626 529 127 280 378 88 109 175 x 61 104 34 88 543 714 314 398 187 744 220 646 374 717 42 633 700 57 337 619 723 240 211 27 86 312 697 
134 749 787 632 532 130 166 700 469 689 221 664 19 687 590 188 341 439 149 170 236 61 x 43 27 27 604 775 375 459 248 805 281 707 435 778 19 694 761 118 398 680 784 301 150 34 147 373 758 
91 792 830 675 575 173 209 743 512 732 264 707 24 730 633 231 384 482 192 213 279 104 43 x 70 16 647 818 418 502 291 848 324 750 478 821 62 737 804 161 441 723 827 344 107 77 190 416 801 
161 722 760 605 505 103 139 673 442 662 194 637 46 660 563 161 314 412 122 143 209 34 27 70 x 54 577 748 348 432 221 778 254 680 408 751 8 667 734 91 371 653 757 274 177 7 120 346 731 
107 776 814 659 559 157 193 727 496 716 248 691 8 714 617 215 368 466 176 197 263 88 27 16 54 x 631 802 402 486 275 832 308 734 462 805 46 721 788 145 425 707 811 328 123 61 174 400 785 
738 145 183 28 72 474 438 96 135 85 383 60 623 83 14 416 263 165 455 434 368 543 604 647 577 631 x 171 229 145 356 201 323 103 169 174 585 90 157 486 206 76 180 303 754 570 457 231 154 
909 26 12 143 243 645 609 75 306 86 554 111 794 88 185 587 434 336 626 605 539 714 775 818 748 802 171 x 400 316 527 30 494 68 340 3 756 81 14 657 377 95 9 474 925 741 628 402 17 
509 374 412 257 157 245 209 325 94 314 154 289 394 312 215 187 34 64 226 205 139 314 375 418 348 402 229 400 x 84 127 430 94 332 60 403 356 319 386 257 23 305 409 74 525 341 228 2 383 
593 290 328 173 73 329 293 241 10 230 238 205 478 228 131 271 118 20 310 289 223 398 459 502 432 486 145 316 84 x 211 346 178 248 24 319 440 235 302 341 61 221 325 158 609 425 312 86 299 
382 501 539 384 284 118 82 452 221 441 27 416 267 439 342 60 93 191 99 78 12 187 248 291 221 275 356 527 127 211 x 557 33 459 187 530 229 446 513 130 150 432 536 53 398 214 101 125 510 
939 56 18 173 273 675 639 105 336 116 584 141 824 118 215 617 464 366 656 635 569 744 805 848 778 832 201 30 430 346 557 x 524 98 370 27 786 111 44 687 407 125 21 504 955 771 658 432 47 
415 468 506 351 251 151 115 419 188 408 60 383 300 406 309 93 60 158 132 111 45 220 281 324 254 308 323 494 94 178 33 524 x 426 154 497 262 413 480 163 117 399 503 20 431 247 134 92 477 
841 42 80 75 175 577 541 7 238 18 486 43 726 20 117 519 366 268 558 537 471 646 707 750 680 734 103 68 332 248 459 98 426 x 272 71 688 13 54 589 309 27 77 406 857 673 560 334 51 
569 314 352 197 97 305 269 265 34 254 214 229 454 252 155 247 94 4 286 265 199 374 435 478 408 462 169 340 60 24 187 370 154 272 x 343 416 259 326 317 37 245 349 134 585 401 288 62 323 
912 29 9 146 246 648 612 78 309 89 557 114 797 91 188 590 437 339 629 608 542 717 778 821 751 805 174 3 403 319 530 27 497 71 343 x 759 84 17 660 380 98 6 477 928 744 631 405 20 
153 730 768 613 513 111 147 681 450 670 202 645 38 668 571 169 322 420 130 151 217 42 19 62 8 46 585 756 356 440 229 786 262 688 416 759 x 675 742 99 379 661 765 282 169 15 128 354 739 
828 55 93 62 162 564 528 6 225 5 473 30 713 7 104 506 353 255 545 524 458 633 694 737 667 721 90 81 319 235 446 111 413 13 259 84 675 x 67 576 296 14 90 393 844 660 547 321 64 
895 12 26 129 229 631 595 61 292 72 540 97 780 74 171 573 420 322 612 591 525 700 761 804 734 788 157 14 386 302 513 44 480 54 326 17 742 67 x 643 363 81 23 460 911 727 614 388 3 
252 631 669 514 414 12 48 582 351 571 103 546 137 569 472 70 223 321 31 52 118 57 118 161 91 145 486 657 257 341 130 687 163 589 317 660 99 576 643 x 280 562 666 183 268 84 29 255 640 
532 351 389 234 134 268 232 302 71 291 177 266 417 289 192 210 57 41 249 228 162 337 398 441 371 425 206 377 23 61 150 407 117 309 37 380 379 296 363 280 x 282 386 97 548 364 251 25 360 
814 69 107 48 148 550 514 20 211 9 459 16 699 7 90 492 339 241 531 510 444 619 680 723 653 707 76 95 305 221 432 125 399 27 245 98 661 14 81 562 282 x 104 379 830 646 533 307 78 
918 35 3 152 252 654 618 84 315 95 563 120 803 97 194 596 443 345 635 614 548 723 784 827 757 811 180 9 409 325 536 21 503 77 349 6 765 90 23 666 386 104 x 483 934 750 637 411 26 
435 448 486 331 231 171 135 399 168 388 80 363 320 386 289 113 40 138 152 131 65 240 301 344 274 328 303 474 74 158 53 504 20 406 134 477 282 393 460 183 97 379 483 x 451 267 154 72 457 
16 899 937 782 682 280 316 850 619 839 371 814 131 837 740 338 491 589 299 320 386 211 150 107 177 123 754 925 525 609 398 955 431 857 585 928 169 844 911 268 548 830 934 451 x 184 297 523 908 
168 715 753 598 498 96 132 666 435 655 187 630 53 653 556 154 307 405 115 136 202 27 34 77 7 61 570 741 341 425 214 771 247 673 401 744 15 660 727 84 364 646 750 267 184 x 113 339 724 
281 602 640 485 385 17 19 553 322 542 74 517 166 540 443 41 194 292 2 23 89 86 147 190 120 174 457 628 228 312 101 658 134 560 288 631 128 547 614 29 251 533 637 154 297 113 x 226 611 
507 376 414 259 159 243 207 327 96 316 152 291 392 314 217 185 32 66 224 203 137 312 373 416 346 400 231 402 2 86 125 432 92 334 62 405 354 321 388 255 25 307 411 72 523 339 226 x 385 
892 9 29 126 226 628 592 58 289 69 537 94 777 71 168 570 417 319 609 588 522 697 758 801 731 785 154 17 383 299 510 47 477 51 323 20 739 64 3 640 360 78 26 457 908 724 611 385 x 
