92
46
location0 location1 location2 location3 location4 location5 location6 location7 location8 location9 location10 location11 location12 location13 location14 location15 location16 location17 location18 location19 location20 location21 location22 location23 location24 location25 location26 location27 location28 location29 location30 location31 location32 location33 location34 location35 location36 location37 location38 location39 location40 location41 location42 location43 location44 location45 location46 location47 location48 location49 location50 location51 location52 location53 location54 location55 location56 location57 location58 location59 location60 location61 location62 location63 location64 location65 location66 location67 location68 location69 location70 location71 location72 location73 location74 location75 location76 location77 location78 location79 location80 location81 location82 location83 location84 location85 location86 location87 location88 location89 location90 location91 
location1 location3 location5 location7 location10 location11 location12 location13 location17 location20 location23 location25 location26 location28 location30 location31 location32 location33 location34 location35 location36 location37 location39 location40 location45 location46 location47 location50 location51 location52 location55 location56 location57 location58 location59 location60 location62 location63 location64 location65 location66 location68 location69 location71 location74 location76 
location28
x 46 734 532 258 127 1 92 146 836 362 453 862 458 33 168 418 936 866 490 730 934 115 589 106 838 591 554 94 656 81 49 431 138 3 612 252 120 436 577 359 831 395 73 526 584 85 833 754 308 601 687 498 921 728 438 148 206 576 747 429 204 226 893 631 602 179 906 290 430 878 131 6 28 63 36 523 228 29 13 340 231 750 570 285 616 806 556 208 441 14 696 
46 x 688 486 212 81 45 46 100 790 316 407 816 412 79 122 372 890 820 444 684 888 69 543 60 792 545 508 48 610 35 3 385 92 49 566 206 74 390 531 313 785 349 27 480 538 39 787 708 262 555 641 452 875 682 392 102 160 530 701 383 158 180 847 585 556 133 860 244 384 832 85 40 74 17 82 477 182 75 33 294 185 704 524 239 570 760 510 162 395 60 650 
734 688 x 202 476 607 733 642 588 102 372 281 128 276 767 566 316 202 132 244 4 200 619 145 628 104 143 180 640 78 653 685 303 596 737 122 482 614 298 157 375 97 339 661 208 150 649 99 20 426 133 47 236 187 6 296 586 528 158 13 305 530 508 159 103 132 555 172 444 304 144 603 728 762 671 770 211 506 763 721 394 503 16 164 449 118 72 178 526 293 748 38 
532 486 202 x 274 405 531 440 386 304 170 79 330 74 565 364 114 404 334 42 198 402 417 57 426 306 59 22 438 124 451 483 101 394 535 80 280 412 96 45 173 299 137 459 6 52 447 301 222 224 69 155 34 389 196 94 384 326 44 215 103 328 306 361 99 70 353 374 242 102 346 401 526 560 469 568 9 304 561 519 192 301 218 38 247 84 274 24 324 91 546 164 
258 212 476 274 x 131 257 166 112 578 104 195 604 200 291 90 160 678 608 232 472 676 143 331 152 580 333 296 164 398 177 209 173 120 261 354 6 138 178 319 101 573 137 185 268 326 173 575 496 50 343 429 240 663 470 180 110 52 318 489 171 54 32 635 373 344 79 648 32 172 620 127 252 286 195 294 265 30 287 245 82 27 492 312 27 358 548 298 50 183 272 438 
127 81 607 405 131 x 126 35 19 709 235 326 735 331 160 41 291 809 739 363 603 807 12 462 21 711 464 427 33 529 46 78 304 11 130 485 125 7 309 450 232 704 268 54 399 457 42 706 627 181 474 560 371 794 601 311 21 79 449 620 302 77 99 766 504 475 52 779 163 303 751 4 121 155 64 163 396 101 156 114 213 104 623 443 158 489 679 429 81 314 141 569 
1 45 733 531 257 126 x 91 145 835 361 452 861 457 34 167 417 935 865 489 729 933 114 588 105 837 590 553 93 655 80 48 430 137 4 611 251 119 435 576 358 830 394 72 525 583 84 832 753 307 600 686 497 920 727 437 147 205 575 746 428 203 225 892 630 601 178 905 289 429 877 130 5 29 62 37 522 227 30 12 339 230 749 569 284 615 805 555 207 440 15 695 
92 46 642 440 166 35 91 x 54 744 270 361 770 366 125 76 326 844 774 398 638 842 23 497 14 746 499 462 2 564 11 43 339 46 95 520 160 28 344 485 267 739 303 19 434 492 7 741 662 216 509 595 406 829 636 346 56 114 484 655 337 112 134 801 539 510 87 814 198 338 786 39 86 120 29 128 431 136 121 79 248 139 658 478 193 524 714 464 116 349 106 604 
146 100 588 386 112 19 145 54 x 690 216 307 716 312 179 22 272 790 720 344 584 788 31 443 40 692 445 408 52 510 65 97 285 8 149 466 106 26 290 431 213 685 249 73 380 438 61 687 608 162 455 541 352 775 582 292 2 60 430 601 283 58 80 747 485 456 33 760 144 284 732 15 140 174 83 182 377 82 175 133 194 85 604 424 139 470 660 410 62 295 160 550 
836 790 102 304 578 709 835 744 690 x 474 383 26 378 869 668 418 100 30 346 106 98 721 247 730 2 245 282 742 180 755 787 405 698 839 224 584 716 400 259 477 5 441 763 310 252 751 3 82 528 235 149 338 85 108 398 688 630 260 89 407 632 610 57 205 234 657 70 546 406 42 705 830 864 773 872 313 608 865 823 496 605 86 266 551 220 30 280 628 395 850 140 
362 316 372 170 104 235 361 270 216 474 x 91 500 96 395 194 56 574 504 128 368 572 247 227 256 476 229 192 268 294 281 313 69 224 365 250 110 242 74 215 3 469 33 289 164 222 277 471 392 54 239 325 136 559 366 76 214 156 214 385 67 158 136 531 269 240 183 544 72 68 516 231 356 390 299 398 161 134 391 349 22 131 388 208 77 254 444 194 154 79 376 334 
453 407 281 79 195 326 452 361 307 383 91 x 409 5 486 285 35 483 413 37 277 481 338 136 347 385 138 101 359 203 372 404 22 315 456 159 201 333 17 124 94 378 58 380 73 131 368 380 301 145 148 234 45 468 275 15 305 247 123 294 24 249 227 440 178 149 274 453 163 23 425 322 447 481 390 489 70 225 482 440 113 222 297 117 168 163 353 103 245 12 467 243 
862 816 128 330 604 735 861 770 716 26 500 409 x 404 895 694 444 74 4 372 132 72 747 273 756 24 271 308 768 206 781 813 431 724 865 250 610 742 426 285 503 31 467 789 336 278 777 29 108 554 261 175 364 59 134 424 714 656 286 115 433 658 636 31 231 260 683 44 572 432 16 731 856 890 799 898 339 634 891 849 522 631 112 292 577 246 56 306 654 421 876 166 
458 412 276 74 200 331 457 366 312 378 96 5 404 x 491 290 40 478 408 32 272 476 343 131 352 380 133 96 364 198 377 409 27 320 461 154 206 338 22 119 99 373 63 385 68 126 373 375 296 150 143 229 40 463 270 20 310 252 118 289 29 254 232 435 173 144 279 448 168 28 420 327 452 486 395 494 65 230 487 445 118 227 292 112 173 158 348 98 250 17 472 238 
33 79 767 565 291 160 34 125 179 869 395 486 895 491 x 201 451 969 899 523 763 967 148 622 139 871 624 587 127 689 114 82 464 171 30 645 285 153 469 610 392 864 428 106 559 617 118 866 787 341 634 720 531 954 761 471 181 239 609 780 462 237 259 926 664 635 212 939 323 463 911 164 39 5 96 3 556 261 4 46 373 264 783 603 318 649 839 589 241 474 19 729 
168 122 566 364 90 41 167 76 22 668 194 285 694 290 201 x 250 768 698 322 562 766 53 421 62 670 423 386 74 488 87 119 263 30 171 444 84 48 268 409 191 663 227 95 358 416 83 665 586 140 433 519 330 753 560 270 20 38 408 579 261 36 58 725 463 434 11 738 122 262 710 37 162 196 105 204 355 60 197 155 172 63 582 402 117 448 638 388 40 273 182 528 
418 372 316 114 160 291 417 326 272 418 56 35 444 40 451 250 x 518 448 72 312 516 303 171 312 420 173 136 324 238 337 369 13 280 421 194 166 298 18 159 59 413 23 345 108 166 333 415 336 110 183 269 80 503 310 20 270 212 158 329 11 214 192 475 213 184 239 488 128 12 460 287 412 446 355 454 105 190 447 405 78 187 332 152 133 198 388 138 210 23 432 278 
936 890 202 404 678 809 935 844 790 100 574 483 74 478 969 768 518 x 70 446 206 2 821 347 830 98 345 382 842 280 855 887 505 798 939 324 684 816 500 359 577 105 541 863 410 352 851 103 182 628 335 249 438 15 208 498 788 730 360 189 507 732 710 43 305 334 757 30 646 506 58 805 930 964 873 972 413 708 965 923 596 705 186 366 651 320 130 380 728 495 950 240 
866 820 132 334 608 739 865 774 720 30 504 413 4 408 899 698 448 70 x 376 136 68 751 277 760 28 275 312 772 210 785 817 435 728 869 254 614 746 430 289 507 35 471 793 340 282 781 33 112 558 265 179 368 55 138 428 718 660 290 119 437 662 640 27 235 264 687 40 576 436 12 735 860 894 803 902 343 638 895 853 526 635 116 296 581 250 60 310 658 425 880 170 
490 444 244 42 232 363 489 398 344 346 128 37 372 32 523 322 72 446 376 x 240 444 375 99 384 348 101 64 396 166 409 441 59 352 493 122 238 370 54 87 131 341 95 417 36 94 405 343 264 182 111 197 8 431 238 52 342 284 86 257 61 286 264 403 141 112 311 416 200 60 388 359 484 518 427 526 33 262 519 477 150 259 260 80 205 126 316 66 282 49 504 206 
730 684 4 198 472 603 729 638 584 106 368 277 132 272 763 562 312 206 136 240 x 204 615 141 624 108 139 176 636 74 649 681 299 592 733 118 478 610 294 153 371 101 335 657 204 146 645 103 24 422 129 43 232 191 2 292 582 524 154 17 301 526 504 163 99 128 551 176 440 300 148 599 724 758 667 766 207 502 759 717 390 499 20 160 445 114 76 174 522 289 744 34 
934 888 200 402 676 807 933 842 788 98 572 481 72 476 967 766 516 2 68 444 204 x 819 345 828 96 343 380 840 278 853 885 503 796 937 322 682 814 498 357 575 103 539 861 408 350 849 101 180 626 333 247 436 13 206 496 786 728 358 187 505 730 708 41 303 332 755 28 644 504 56 803 928 962 871 970 411 706 963 921 594 703 184 364 649 318 128 378 726 493 948 238 
115 69 619 417 143 12 114 23 31 721 247 338 747 343 148 53 303 821 751 375 615 819 x 474 9 723 476 439 21 541 34 66 316 23 118 497 137 5 321 462 244 716 280 42 411 469 30 718 639 193 486 572 383 806 613 323 33 91 461 632 314 89 111 778 516 487 64 791 175 315 763 16 109 143 52 151 408 113 144 102 225 116 635 455 170 501 691 441 93 326 129 581 
589 543 145 57 331 462 588 497 443 247 227 136 273 131 622 421 171 347 277 99 141 345 474 x 483 249 2 35 495 67 508 540 158 451 592 23 337 469 153 12 230 242 194 516 63 5 504 244 165 281 12 98 91 332 139 151 441 383 13 158 160 385 363 304 42 13 410 317 299 159 289 458 583 617 526 625 66 361 618 576 249 358 161 19 304 27 217 33 381 148 603 107 
106 60 628 426 152 21 105 14 40 730 256 347 756 352 139 62 312 830 760 384 624 828 9 483 x 732 485 448 12 550 25 57 325 32 109 506 146 14 330 471 253 725 289 33 420 478 21 727 648 202 495 581 392 815 622 332 42 100 470 641 323 98 120 787 525 496 73 800 184 324 772 25 100 134 43 142 417 122 135 93 234 125 644 464 179 510 700 450 102 335 120 590 
838 792 104 306 580 711 837 746 692 2 476 385 24 380 871 670 420 98 28 348 108 96 723 249 732 x 247 284 744 182 757 789 407 700 841 226 586 718 402 261 479 7 443 765 312 254 753 5 84 530 237 151 340 83 110 400 690 632 262 91 409 634 612 55 207 236 659 68 548 408 40 707 832 866 775 874 315 610 867 825 498 607 88 268 553 222 32 282 630 397 852 142 
591 545 143 59 333 464 590 499 445 245 229 138 271 133 624 423 173 345 275 101 139 343 476 2 485 247 x 37 497 65 510 542 160 453 594 21 339 471 155 14 232 240 196 518 65 7 506 242 163 283 10 96 93 330 137 153 443 385 15 156 162 387 365 302 40 11 412 315 301 161 287 460 585 619 528 627 68 363 620 578 251 360 159 21 306 25 215 35 383 150 605 105 
554 508 180 22 296 427 553 462 408 282 192 101 308 96 587 386 136 382 312 64 176 380 439 35 448 284 37 x 460 102 473 505 123 416 557 58 302 434 118 23 195 277 159 481 28 30 469 279 200 246 47 133 56 367 174 116 406 348 22 193 125 350 328 339 77 48 375 352 264 124 324 423 548 582 491 590 31 326 583 541 214 323 196 16 269 62 252 2 346 113 568 142 
94 48 640 438 164 33 93 2 52 742 268 359 768 364 127 74 324 842 772 396 636 840 21 495 12 744 497 460 x 562 13 45 337 44 97 518 158 26 342 483 265 737 301 21 432 490 9 739 660 214 507 593 404 827 634 344 54 112 482 653 335 110 132 799 537 508 85 812 196 336 784 37 88 122 31 130 429 134 123 81 246 137 656 476 191 522 712 462 114 347 108 602 
656 610 78 124 398 529 655 564 510 180 294 203 206 198 689 488 238 280 210 166 74 278 541 67 550 182 65 102 562 x 575 607 225 518 659 44 404 536 220 79 297 175 261 583 130 72 571 177 98 348 55 31 158 265 72 218 508 450 80 91 227 452 430 237 25 54 477 250 366 226 222 525 650 684 593 692 133 428 685 643 316 425 94 86 371 40 150 100 448 215 670 40 
81 35 653 451 177 46 80 11 65 755 281 372 781 377 114 87 337 855 785 409 649 853 34 508 25 757 510 473 13 575 x 32 350 57 84 531 171 39 355 496 278 750 314 8 445 503 4 752 673 227 520 606 417 840 647 357 67 125 495 666 348 123 145 812 550 521 98 825 209 349 797 50 75 109 18 117 442 147 110 68 259 150 669 489 204 535 725 475 127 360 95 615 
49 3 685 483 209 78 48 43 97 787 313 404 813 409 82 119 369 887 817 441 681 885 66 540 57 789 542 505 45 607 32 x 382 89 52 563 203 71 387 528 310 782 346 24 477 535 36 784 705 259 552 638 449 872 679 389 99 157 527 698 380 155 177 844 582 553 130 857 241 381 829 82 43 77 14 85 474 179 78 36 291 182 701 521 236 567 757 507 159 392 63 647 
431 385 303 101 173 304 430 339 285 405 69 22 431 27 464 263 13 505 435 59 299 503 316 158 325 407 160 123 337 225 350 382 x 293 434 181 179 311 5 146 72 400 36 358 95 153 346 402 323 123 170 256 67 490 297 7 283 225 145 316 2 227 205 462 200 171 252 475 141 1 447 300 425 459 368 467 92 203 460 418 91 200 319 139 146 185 375 125 223 10 445 265 
138 92 596 394 120 11 137 46 8 698 224 315 724 320 171 30 280 798 728 352 592 796 23 451 32 700 453 416 44 518 57 89 293 x 141 474 114 18 298 439 221 693 257 65 388 446 53 695 616 170 463 549 360 783 590 300 10 68 438 609 291 66 88 755 493 464 41 768 152 292 740 7 132 166 75 174 385 90 167 125 202 93 612 432 147 478 668 418 70 303 152 558 
3 49 737 535 261 130 4 95 149 839 365 456 865 461 30 171 421 939 869 493 733 937 118 592 109 841 594 557 97 659 84 52 434 141 x 615 255 123 439 580 362 834 398 76 529 587 88 836 757 311 604 690 501 924 731 441 151 209 579 750 432 207 229 896 634 605 182 909 293 433 881 134 9 25 66 33 526 231 26 16 343 234 753 573 288 619 809 559 211 444 11 699 
612 566 122 80 354 485 611 520 466 224 250 159 250 154 645 444 194 324 254 122 118 322 497 23 506 226 21 58 518 44 531 563 181 474 615 x 360 492 176 35 253 219 217 539 86 28 527 221 142 304 11 75 114 309 116 174 464 406 36 135 183 408 386 281 19 10 433 294 322 182 266 481 606 640 549 648 89 384 641 599 272 381 138 42 327 4 194 56 404 171 626 84 
252 206 482 280 6 125 251 160 106 584 110 201 610 206 285 84 166 684 614 238 478 682 137 337 146 586 339 302 158 404 171 203 179 114 255 360 x 132 184 325 107 579 143 179 274 332 167 581 502 56 349 435 246 669 476 186 104 46 324 495 177 48 26 641 379 350 73 654 38 178 626 121 246 280 189 288 271 24 281 239 88 21 498 318 33 364 554 304 44 189 266 444 
120 74 614 412 138 7 119 28 26 716 242 333 742 338 153 48 298 816 746 370 610 814 5 469 14 718 471 434 26 536 39 71 311 18 123 492 132 x 316 457 239 711 275 47 406 464 35 713 634 188 481 567 378 801 608 318 28 86 456 627 309 84 106 773 511 482 59 786 170 310 758 11 114 148 57 156 403 108 149 107 220 111 630 450 165 496 686 436 88 321 134 576 
436 390 298 96 178 309 435 344 290 400 74 17 426 22 469 268 18 500 430 54 294 498 321 153 330 402 155 118 342 220 355 387 5 298 439 176 184 316 x 141 77 395 41 363 90 148 351 397 318 128 165 251 62 485 292 2 288 230 140 311 7 232 210 457 195 166 257 470 146 6 442 305 430 464 373 472 87 208 465 423 96 205 314 134 151 180 370 120 228 5 450 260 
577 531 157 45 319 450 576 485 431 259 215 124 285 119 610 409 159 359 289 87 153 357 462 12 471 261 14 23 483 79 496 528 146 439 580 35 325 457 141 x 218 254 182 504 51 7 492 256 177 269 24 110 79 344 151 139 429 371 1 170 148 373 351 316 54 25 398 329 287 147 301 446 571 605 514 613 54 349 606 564 237 346 173 7 292 39 229 21 369 136 591 119 
359 313 375 173 101 232 358 267 213 477 3 94 503 99 392 191 59 577 507 131 371 575 244 230 253 479 232 195 265 297 278 310 72 221 362 253 107 239 77 218 x 472 36 286 167 225 274 474 395 51 242 328 139 562 369 79 211 153 217 388 70 155 133 534 272 243 180 547 69 71 519 228 353 387 296 395 164 131 388 346 19 128 391 211 74 257 447 197 151 82 373 337 
831 785 97 299 573 704 830 739 685 5 469 378 31 373 864 663 413 105 35 341 101 103 716 242 725 7 240 277 737 175 750 782 400 693 834 219 579 711 395 254 472 x 436 758 305 247 746 2 77 523 230 144 333 90 103 393 683 625 255 84 402 627 605 62 200 229 652 75 541 401 47 700 825 859 768 867 308 603 860 818 491 600 81 261 546 215 25 275 623 390 845 135 
395 349 339 137 137 268 394 303 249 441 33 58 467 63 428 227 23 541 471 95 335 539 280 194 289 443 196 159 301 261 314 346 36 257 398 217 143 275 41 182 36 436 x 322 131 189 310 438 359 87 206 292 103 526 333 43 247 189 181 352 34 191 169 498 236 207 216 511 105 35 483 264 389 423 332 431 128 167 424 382 55 164 355 175 110 221 411 161 187 46 409 301 
73 27 661 459 185 54 72 19 73 763 289 380 789 385 106 95 345 863 793 417 657 861 42 516 33 765 518 481 21 583 8 24 358 65 76 539 179 47 363 504 286 758 322 x 453 511 12 760 681 235 528 614 425 848 655 365 75 133 503 674 356 131 153 820 558 529 106 833 217 357 805 58 67 101 10 109 450 155 102 60 267 158 677 497 212 543 733 483 135 368 87 623 
526 480 208 6 268 399 525 434 380 310 164 73 336 68 559 358 108 410 340 36 204 408 411 63 420 312 65 28 432 130 445 477 95 388 529 86 274 406 90 51 167 305 131 453 x 58 441 307 228 218 75 161 28 395 202 88 378 320 50 221 97 322 300 367 105 76 347 380 236 96 352 395 520 554 463 562 3 298 555 513 186 295 224 44 241 90 280 30 318 85 540 170 
584 538 150 52 326 457 583 492 438 252 222 131 278 126 617 416 166 352 282 94 146 350 469 5 478 254 7 30 490 72 503 535 153 446 587 28 332 464 148 7 225 247 189 511 58 x 499 249 170 276 17 103 86 337 144 146 436 378 8 163 155 380 358 309 47 18 405 322 294 154 294 453 578 612 521 620 61 356 613 571 244 353 166 14 299 32 222 28 376 143 598 112 
85 39 649 447 173 42 84 7 61 751 277 368 777 373 118 83 333 851 781 405 645 849 30 504 21 753 506 469 9 571 4 36 346 53 88 527 167 35 351 492 274 746 310 12 441 499 x 748 669 223 516 602 413 836 643 353 63 121 491 662 344 119 141 808 546 517 94 821 205 345 793 46 79 113 22 121 438 143 114 72 255 146 665 485 200 531 721 471 123 356 99 611 
833 787 99 301 575 706 832 741 687 3 471 380 29 375 866 665 415 103 33 343 103 101 718 244 727 5 242 279 739 177 752 784 402 695 836 221 581 713 397 256 474 2 438 760 307 249 748 x 79 525 232 146 335 88 105 395 685 627 257 86 404 629 607 60 202 231 654 73 543 403 45 702 827 861 770 869 310 605 862 820 493 602 83 263 548 217 27 277 625 392 847 137 
754 708 20 222 496 627 753 662 608 82 392 301 108 296 787 586 336 182 112 264 24 180 639 165 648 84 163 200 660 98 673 705 323 616 757 142 502 634 318 177 395 77 359 681 228 170 669 79 x 446 153 67 256 167 26 316 606 548 178 7 325 550 528 139 123 152 575 152 464 324 124 623 748 782 691 790 231 526 783 741 414 523 4 184 469 138 52 198 546 313 768 58 
308 262 426 224 50 181 307 216 162 528 54 145 554 150 341 140 110 628 558 182 422 626 193 281 202 530 283 246 214 348 227 259 123 170 311 304 56 188 128 269 51 523 87 235 218 276 223 525 446 x 293 379 190 613 420 130 160 102 268 439 121 104 82 585 323 294 129 598 18 122 570 177 302 336 245 344 215 80 337 295 32 77 442 262 23 308 498 248 100 133 322 388 
601 555 133 69 343 474 600 509 455 235 239 148 261 143 634 433 183 335 265 111 129 333 486 12 495 237 10 47 507 55 520 552 170 463 604 11 349 481 165 24 242 230 206 528 75 17 516 232 153 293 x 86 103 320 127 163 453 395 25 146 172 397 375 292 30 1 422 305 311 171 277 470 595 629 538 637 78 373 630 588 261 370 149 31 316 15 205 45 393 160 615 95 
687 641 47 155 429 560 686 595 541 149 325 234 175 229 720 519 269 249 179 197 43 247 572 98 581 151 96 133 593 31 606 638 256 549 690 75 435 567 251 110 328 144 292 614 161 103 602 146 67 379 86 x 189 234 41 249 539 481 111 60 258 483 461 206 56 85 508 219 397 257 191 556 681 715 624 723 164 459 716 674 347 456 63 117 402 71 119 131 479 246 701 9 
498 452 236 34 240 371 497 406 352 338 136 45 364 40 531 330 80 438 368 8 232 436 383 91 392 340 93 56 404 158 417 449 67 360 501 114 246 378 62 79 139 333 103 425 28 86 413 335 256 190 103 189 x 423 230 60 350 292 78 249 69 294 272 395 133 104 319 408 208 68 380 367 492 526 435 534 25 270 527 485 158 267 252 72 213 118 308 58 290 57 512 198 
921 875 187 389 663 794 920 829 775 85 559 468 59 463 954 753 503 15 55 431 191 13 806 332 815 83 330 367 827 265 840 872 490 783 924 309 669 801 485 344 562 90 526 848 395 337 836 88 167 613 320 234 423 x 193 483 773 715 345 174 492 717 695 28 290 319 742 15 631 491 43 790 915 949 858 957 398 693 950 908 581 690 171 351 636 305 115 365 713 480 935 225 
728 682 6 196 470 601 727 636 582 108 366 275 134 270 761 560 310 208 138 238 2 206 613 139 622 110 137 174 634 72 647 679 297 590 731 116 476 608 292 151 369 103 333 655 202 144 643 105 26 420 127 41 230 193 x 290 580 522 152 19 299 524 502 165 97 126 549 178 438 298 150 597 722 756 665 764 205 500 757 715 388 497 22 158 443 112 78 172 520 287 742 32 
438 392 296 94 180 311 437 346 292 398 76 15 424 20 471 270 20 498 428 52 292 496 323 151 332 400 153 116 344 218 357 389 7 300 441 174 186 318 2 139 79 393 43 365 88 146 353 395 316 130 163 249 60 483 290 x 290 232 138 309 9 234 212 455 193 164 259 468 148 8 440 307 432 466 375 474 85 210 467 425 98 207 312 132 153 178 368 118 230 3 452 258 
148 102 586 384 110 21 147 56 2 688 214 305 714 310 181 20 270 788 718 342 582 786 33 441 42 690 443 406 54 508 67 99 283 10 151 464 104 28 288 429 211 683 247 75 378 436 63 685 606 160 453 539 350 773 580 290 x 58 428 599 281 56 78 745 483 454 31 758 142 282 730 17 142 176 85 184 375 80 177 135 192 83 602 422 137 468 658 408 60 293 162 548 
206 160 528 326 52 79 205 114 60 630 156 247 656 252 239 38 212 730 660 284 524 728 91 383 100 632 385 348 112 450 125 157 225 68 209 406 46 86 230 371 153 625 189 133 320 378 121 627 548 102 395 481 292 715 522 232 58 x 370 541 223 2 20 687 425 396 27 700 84 224 672 75 200 234 143 242 317 22 235 193 134 25 544 364 79 410 600 350 2 235 220 490 
576 530 158 44 318 449 575 484 430 260 214 123 286 118 609 408 158 360 290 86 154 358 461 13 470 262 15 22 482 80 495 527 145 438 579 36 324 456 140 1 217 255 181 503 50 8 491 257 178 268 25 111 78 345 152 138 428 370 x 171 147 372 350 317 55 26 397 330 286 146 302 445 570 604 513 612 53 348 605 563 236 345 174 6 291 40 230 20 368 135 590 120 
747 701 13 215 489 620 746 655 601 89 385 294 115 289 780 579 329 189 119 257 17 187 632 158 641 91 156 193 653 91 666 698 316 609 750 135 495 627 311 170 388 84 352 674 221 163 662 86 7 439 146 60 249 174 19 309 599 541 171 x 318 543 521 146 116 145 568 159 457 317 131 616 741 775 684 783 224 519 776 734 407 516 3 177 462 131 59 191 539 306 761 51 
429 383 305 103 171 302 428 337 283 407 67 24 433 29 462 261 11 507 437 61 301 505 314 160 323 409 162 125 335 227 348 380 2 291 432 183 177 309 7 148 70 402 34 356 97 155 344 404 325 121 172 258 69 492 299 9 281 223 147 318 x 225 203 464 202 173 250 477 139 1 449 298 423 457 366 465 94 201 458 416 89 198 321 141 144 187 377 127 221 12 443 267 
204 158 530 328 54 77 203 112 58 632 158 249 658 254 237 36 214 732 662 286 526 730 89 385 98 634 387 350 110 452 123 155 227 66 207 408 48 84 232 373 155 627 191 131 322 380 119 629 550 104 397 483 294 717 524 234 56 2 372 543 225 x 22 689 427 398 25 702 86 226 674 73 198 232 141 240 319 24 233 191 136 27 546 366 81 412 602 352 4 237 218 492 
226 180 508 306 32 99 225 134 80 610 136 227 636 232 259 58 192 710 640 264 504 708 111 363 120 612 365 328 132 430 145 177 205 88 229 386 26 106 210 351 133 605 169 153 300 358 141 607 528 82 375 461 272 695 502 212 78 20 350 521 203 22 x 667 405 376 47 680 64 204 652 95 220 254 163 262 297 2 255 213 114 5 524 344 59 390 580 330 18 215 240 470 
893 847 159 361 635 766 892 801 747 57 531 440 31 435 926 725 475 43 27 403 163 41 778 304 787 55 302 339 799 237 812 844 462 755 896 281 641 773 457 316 534 62 498 820 367 309 808 60 139 585 292 206 395 28 165 455 745 687 317 146 464 689 667 x 262 291 714 13 603 463 15 762 887 921 830 929 370 665 922 880 553 662 143 323 608 277 87 337 685 452 907 197 
631 585 103 99 373 504 630 539 485 205 269 178 231 173 664 463 213 305 235 141 99 303 516 42 525 207 40 77 537 25 550 582 200 493 634 19 379 511 195 54 272 200 236 558 105 47 546 202 123 323 30 56 133 290 97 193 483 425 55 116 202 427 405 262 x 29 452 275 341 201 247 500 625 659 568 667 108 403 660 618 291 400 119 61 346 15 175 75 423 190 645 65 
602 556 132 70 344 475 601 510 456 234 240 149 260 144 635 434 184 334 264 112 128 332 487 13 496 236 11 48 508 54 521 553 171 464 605 10 350 482 166 25 243 229 207 529 76 18 517 231 152 294 1 85 104 319 126 164 454 396 26 145 173 398 376 291 29 x 423 304 312 172 276 471 596 630 539 638 79 374 631 589 262 371 148 32 317 14 204 46 394 161 616 94 
179 133 555 353 79 52 178 87 33 657 183 274 683 279 212 11 239 757 687 311 551 755 64 410 73 659 412 375 85 477 98 130 252 41 182 433 73 59 257 398 180 652 216 106 347 405 94 654 575 129 422 508 319 742 549 259 31 27 397 568 250 25 47 714 452 423 x 727 111 251 699 48 173 207 116 215 344 49 208 166 161 52 571 391 106 437 627 377 29 262 193 517 
906 860 172 374 648 779 905 814 760 70 544 453 44 448 939 738 488 30 40 416 176 28 791 317 800 68 315 352 812 250 825 857 475 768 909 294 654 786 470 329 547 75 511 833 380 322 821 73 152 598 305 219 408 15 178 468 758 700 330 159 477 702 680 13 275 304 727 x 616 476 28 775 900 934 843 942 383 678 935 893 566 675 156 336 621 290 100 350 698 465 920 210 
290 244 444 242 32 163 289 198 144 546 72 163 572 168 323 122 128 646 576 200 440 644 175 299 184 548 301 264 196 366 209 241 141 152 293 322 38 170 146 287 69 541 105 217 236 294 205 543 464 18 311 397 208 631 438 148 142 84 286 457 139 86 64 603 341 312 111 616 x 140 588 159 284 318 227 326 233 62 319 277 50 59 460 280 5 326 516 266 82 151 304 406 
430 384 304 102 172 303 429 338 284 406 68 23 432 28 463 262 12 506 436 60 300 504 315 159 324 408 161 124 336 226 349 381 1 292 433 182 178 310 6 147 71 401 35 357 96 154 345 403 324 122 171 257 68 491 298 8 282 224 146 317 1 226 204 463 201 172 251 476 140 x 448 299 424 458 367 466 93 202 459 417 90 199 320 140 145 186 376 126 222 11 444 266 
878 832 144 346 620 751 877 786 732 42 516 425 16 420 911 710 460 58 12 388 148 56 763 289 772 40 287 324 784 222 797 829 447 740 881 266 626 758 442 301 519 47 483 805 352 294 793 45 124 570 277 191 380 43 150 440 730 672 302 131 449 674 652 15 247 276 699 28 588 448 x 747 872 906 815 914 355 650 907 865 538 647 128 308 593 262 72 322 670 437 892 182 
131 85 603 401 127 4 130 39 15 705 231 322 731 327 164 37 287 805 735 359 599 803 16 458 25 707 460 423 37 525 50 82 300 7 134 481 121 11 305 446 228 700 264 58 395 453 46 702 623 177 470 556 367 790 597 307 17 75 445 616 298 73 95 762 500 471 48 775 159 299 747 x 125 159 68 167 392 97 160 118 209 100 619 439 154 485 675 425 77 310 145 565 
6 40 728 526 252 121 5 86 140 830 356 447 856 452 39 162 412 930 860 484 724 928 109 583 100 832 585 548 88 650 75 43 425 132 9 606 246 114 430 571 353 825 389 67 520 578 79 827 748 302 595 681 492 915 722 432 142 200 570 741 423 198 220 887 625 596 173 900 284 424 872 125 x 34 57 42 517 222 35 7 334 225 744 564 279 610 800 550 202 435 20 690 
28 74 762 560 286 155 29 120 174 864 390 481 890 486 5 196 446 964 894 518 758 962 143 617 134 866 619 582 122 684 109 77 459 166 25 640 280 148 464 605 387 859 423 101 554 612 113 861 782 336 629 715 526 949 756 466 176 234 604 775 457 232 254 921 659 630 207 934 318 458 906 159 34 x 91 8 551 256 1 41 368 259 778 598 313 644 834 584 236 469 14 724 
63 17 671 469 195 64 62 29 83 773 299 390 799 395 96 105 355 873 803 427 667 871 52 526 43 775 528 491 31 593 18 14 368 75 66 549 189 57 373 514 296 768 332 10 463 521 22 770 691 245 538 624 435 858 665 375 85 143 513 684 366 141 163 830 568 539 116 843 227 367 815 68 57 91 x 99 460 165 92 50 277 168 687 507 222 553 743 493 145 378 77 633 
36 82 770 568 294 163 37 128 182 872 398 489 898 494 3 204 454 972 902 526 766 970 151 625 142 874 627 590 130 692 117 85 467 174 33 648 288 156 472 613 395 867 431 109 562 620 121 869 790 344 637 723 534 957 764 474 184 242 612 783 465 240 262 929 667 638 215 942 326 466 914 167 42 8 99 x 559 264 7 49 376 267 786 606 321 652 842 592 244 477 22 732 
523 477 211 9 265 396 522 431 377 313 161 70 339 65 556 355 105 413 343 33 207 411 408 66 417 315 68 31 429 133 442 474 92 385 526 89 271 403 87 54 164 308 128 450 3 61 438 310 231 215 78 164 25 398 205 85 375 317 53 224 94 319 297 370 108 79 344 383 233 93 355 392 517 551 460 559 x 295 552 510 183 292 227 47 238 93 283 33 315 82 537 173 
228 182 506 304 30 101 227 136 82 608 134 225 634 230 261 60 190 708 638 262 502 706 113 361 122 610 363 326 134 428 147 179 203 90 231 384 24 108 208 349 131 603 167 155 298 356 143 605 526 80 373 459 270 693 500 210 80 22 348 519 201 24 2 665 403 374 49 678 62 202 650 97 222 256 165 264 295 x 257 215 112 3 522 342 57 388 578 328 20 213 242 468 
29 75 763 561 287 156 30 121 175 865 391 482 891 487 4 197 447 965 895 519 759 963 144 618 135 867 620 583 123 685 110 78 460 167 26 641 281 149 465 606 388 860 424 102 555 613 114 862 783 337 630 716 527 950 757 467 177 235 605 776 458 233 255 922 660 631 208 935 319 459 907 160 35 1 92 7 552 257 x 42 369 260 779 599 314 645 835 585 237 470 15 725 
13 33 721 519 245 114 12 79 133 823 349 440 849 445 46 155 405 923 853 477 717 921 102 576 93 825 578 541 81 643 68 36 418 125 16 599 239 107 423 564 346 818 382 60 513 571 72 820 741 295 588 674 485 908 715 425 135 193 563 734 416 191 213 880 618 589 166 893 277 417 865 118 7 41 50 49 510 215 42 x 327 218 737 557 272 603 793 543 195 428 27 683 
340 294 394 192 82 213 339 248 194 496 22 113 522 118 373 172 78 596 526 150 390 594 225 249 234 498 251 214 246 316 259 291 91 202 343 272 88 220 96 237 19 491 55 267 186 244 255 493 414 32 261 347 158 581 388 98 192 134 236 407 89 136 114 553 291 262 161 566 50 90 538 209 334 368 277 376 183 112 369 327 x 109 410 230 55 276 466 216 132 101 354 356 
231 185 503 301 27 104 230 139 85 605 131 222 631 227 264 63 187 705 635 259 499 703 116 358 125 607 360 323 137 425 150 182 200 93 234 381 21 111 205 346 128 600 164 158 295 353 146 602 523 77 370 456 267 690 497 207 83 25 345 516 198 27 5 662 400 371 52 675 59 199 647 100 225 259 168 267 292 3 260 218 109 x 519 339 54 385 575 325 23 210 245 465 
750 704 16 218 492 623 749 658 604 86 388 297 112 292 783 582 332 186 116 260 20 184 635 161 644 88 159 196 656 94 669 701 319 612 753 138 498 630 314 173 391 81 355 677 224 166 665 83 4 442 149 63 252 171 22 312 602 544 174 3 321 546 524 143 119 148 571 156 460 320 128 619 744 778 687 786 227 522 779 737 410 519 x 180 465 134 56 194 542 309 764 54 
570 524 164 38 312 443 569 478 424 266 208 117 292 112 603 402 152 366 296 80 160 364 455 19 464 268 21 16 476 86 489 521 139 432 573 42 318 450 134 7 211 261 175 497 44 14 485 263 184 262 31 117 72 351 158 132 422 364 6 177 141 366 344 323 61 32 391 336 280 140 308 439 564 598 507 606 47 342 599 557 230 339 180 x 285 46 236 14 362 129 584 126 
285 239 449 247 27 158 284 193 139 551 77 168 577 173 318 117 133 651 581 205 445 649 170 304 179 553 306 269 191 371 204 236 146 147 288 327 33 165 151 292 74 546 110 212 241 299 200 548 469 23 316 402 213 636 443 153 137 79 291 462 144 81 59 608 346 317 106 621 5 145 593 154 279 313 222 321 238 57 314 272 55 54 465 285 x 331 521 271 77 156 299 411 
616 570 118 84 358 489 615 524 470 220 254 163 246 158 649 448 198 320 250 126 114 318 501 27 510 222 25 62 522 40 535 567 185 478 619 4 364 496 180 39 257 215 221 543 90 32 531 217 138 308 15 71 118 305 112 178 468 410 40 131 187 412 390 277 15 14 437 290 326 186 262 485 610 644 553 652 93 388 645 603 276 385 134 46 331 x 190 60 408 175 630 80 
806 760 72 274 548 679 805 714 660 30 444 353 56 348 839 638 388 130 60 316 76 128 691 217 700 32 215 252 712 150 725 757 375 668 809 194 554 686 370 229 447 25 411 733 280 222 721 27 52 498 205 119 308 115 78 368 658 600 230 59 377 602 580 87 175 204 627 100 516 376 72 675 800 834 743 842 283 578 835 793 466 575 56 236 521 190 x 250 598 365 820 110 
556 510 178 24 298 429 555 464 410 280 194 103 306 98 589 388 138 380 310 66 174 378 441 33 450 282 35 2 462 100 475 507 125 418 559 56 304 436 120 21 197 275 161 483 30 28 471 277 198 248 45 131 58 365 172 118 408 350 20 191 127 352 330 337 75 46 377 350 266 126 322 425 550 584 493 592 33 328 585 543 216 325 194 14 271 60 250 x 348 115 570 140 
208 162 526 324 50 81 207 116 62 628 154 245 654 250 241 40 210 728 658 282 522 726 93 381 102 630 383 346 114 448 127 159 223 70 211 404 44 88 228 369 151 623 187 135 318 376 123 625 546 100 393 479 290 713 520 230 60 2 368 539 221 4 18 685 423 394 29 698 82 222 670 77 202 236 145 244 315 20 237 195 132 23 542 362 77 408 598 348 x 233 222 488 
441 395 293 91 183 314 440 349 295 395 79 12 421 17 474 273 23 495 425 49 289 493 326 148 335 397 150 113 347 215 360 392 10 303 444 171 189 321 5 136 82 390 46 368 85 143 356 392 313 133 160 246 57 480 287 3 293 235 135 306 12 237 215 452 190 161 262 465 151 11 437 310 435 469 378 477 82 213 470 428 101 210 309 129 156 175 365 115 233 x 455 255 
14 60 748 546 272 141 15 106 160 850 376 467 876 472 19 182 432 950 880 504 744 948 129 603 120 852 605 568 108 670 95 63 445 152 11 626 266 134 450 591 373 845 409 87 540 598 99 847 768 322 615 701 512 935 742 452 162 220 590 761 443 218 240 907 645 616 193 920 304 444 892 145 20 14 77 22 537 242 15 27 354 245 764 584 299 630 820 570 222 455 x 710 
696 650 38 164 438 569 695 604 550 140 334 243 166 238 729 528 278 240 170 206 34 238 581 107 590 142 105 142 602 40 615 647 265 558 699 84 444 576 260 119 337 135 301 623 170 112 611 137 58 388 95 9 198 225 32 258 548 490 120 51 267 492 470 197 65 94 517 210 406 266 182 565 690 724 633 732 173 468 725 683 356 465 54 126 411 80 110 140 488 255 710 x 
