156
78
location0 location1 location2 location3 location4 location5 location6 location7 location8 location9 location10 location11 location12 location13 location14 location15 location16 location17 location18 location19 location20 location21 location22 location23 location24 location25 location26 location27 location28 location29 location30 location31 location32 location33 location34 location35 location36 location37 location38 location39 location40 location41 location42 location43 location44 location45 location46 location47 location48 location49 location50 location51 location52 location53 location54 location55 location56 location57 location58 location59 location60 location61 location62 location63 location64 location65 location66 location67 location68 location69 location70 location71 location72 location73 location74 location75 location76 location77 location78 location79 location80 location81 location82 location83 location84 location85 location86 location87 location88 location89 location90 location91 location92 location93 location94 location95 location96 location97 location98 location99 location100 location101 location102 location103 location104 location105 location106 location107 location108 location109 location110 location111 location112 location113 location114 location115 location116 location117 location118 location119 location120 location121 location122 location123 location124 location125 location126 location127 location128 location129 location130 location131 location132 location133 location134 location135 location136 location137 location138 location139 location140 location141 location142 location143 location144 location145 location146 location147 location148 location149 location150 location151 location152 location153 location154 location155 
location2 location3 location5 location6 location7 location8 location9 location10 location11 location12 location13 location14 location15 location16 location18 location19 location20 location22 location23 location24 location25 location26 location27 location29 location30 location32 location33 location35 location36 location37 location38 location39 location40 location42 location43 location44 location45 location46 location48 location49 location50 location53 location54 location55 location57 location58 location59 location60 location61 location63 location64 location65 location66 location67 location68 location69 location71 location72 location73 location75 location76 location77 location78 location79 location80 location81 location82 location83 location84 location85 location86 location87 location88 location89 location91 location93 location95 location96 
location109
x 180 6 181 166 308 923 203 333 474 885 317 859 34 295 810 406 354 97 453 658 326 38 879 476 18 831 388 634 421 430 234 700 58 860 467 546 934 173 196 813 10 296 62 411 105 315 185 473 883 399 64 212 365 6 269 255 400 856 415 215 491 722 765 391 297 643 75 272 630 221 560 884 912 475 536 427 708 117 94 197 99 1 909 57 251 672 343 121 508 193 688 573 801 390 851 795 377 84 766 906 373 540 650 514 157 102 714 7 275 346 857 23 293 124 39 743 161 49 274 158 598 896 369 322 444 789 46 781 685 797 753 129 775 53 732 36 759 707 188 490 347 590 664 45 355 799 187 730 63 606 24 460 450 59 240 
180 x 174 1 14 128 743 23 153 294 705 137 679 146 115 630 226 174 83 273 478 146 142 699 296 162 651 208 454 241 250 54 520 122 680 287 366 754 7 16 633 170 116 118 231 75 135 5 293 703 219 116 32 185 186 89 75 220 676 235 35 311 542 585 211 117 463 105 92 450 41 380 704 732 295 356 247 528 63 86 17 81 181 729 123 71 492 163 59 328 13 508 393 621 210 671 615 197 96 586 726 193 360 470 334 23 78 534 187 95 166 677 157 113 56 141 563 19 131 94 22 418 716 189 142 264 609 134 601 505 617 573 51 595 127 552 144 579 527 8 310 167 410 484 225 175 619 7 550 117 426 204 280 270 121 60 
6 174 x 175 160 302 917 197 327 468 879 311 853 28 289 804 400 348 91 447 652 320 32 873 470 12 825 382 628 415 424 228 694 52 854 461 540 928 167 190 807 4 290 56 405 99 309 179 467 877 393 58 206 359 12 263 249 394 850 409 209 485 716 759 385 291 637 69 266 624 215 554 878 906 469 530 421 702 111 88 191 93 7 903 51 245 666 337 115 502 187 682 567 795 384 845 789 371 78 760 900 367 534 644 508 151 96 708 13 269 340 851 17 287 118 33 737 155 43 268 152 592 890 363 316 438 783 40 775 679 791 747 123 769 47 726 30 753 701 182 484 341 584 658 51 349 793 181 724 57 600 30 454 444 53 234 
181 1 175 x 15 127 742 22 152 293 704 136 678 147 114 629 225 173 84 272 477 145 143 698 295 163 650 207 453 240 249 53 519 123 679 286 365 753 8 15 632 171 115 119 230 76 134 4 292 702 218 117 31 184 187 88 74 219 675 234 34 310 541 584 210 116 462 106 91 449 40 379 703 731 294 355 246 527 64 87 16 82 182 728 124 70 491 162 60 327 12 507 392 620 209 670 614 196 97 585 725 192 359 469 333 24 79 533 188 94 165 676 158 112 57 142 562 20 132 93 23 417 715 188 141 263 608 135 600 504 616 572 52 594 128 551 145 578 526 7 309 166 409 483 226 174 618 6 549 118 425 205 279 269 122 59 
166 14 160 15 x 142 757 37 167 308 719 151 693 132 129 644 240 188 69 287 492 160 128 713 310 148 665 222 468 255 264 68 534 108 694 301 380 768 7 30 647 156 130 104 245 61 149 19 307 717 233 102 46 199 172 103 89 234 690 249 49 325 556 599 225 131 477 91 106 464 55 394 718 746 309 370 261 542 49 72 31 67 167 743 109 85 506 177 45 342 27 522 407 635 224 685 629 211 82 600 740 207 374 484 348 9 64 548 173 109 180 691 143 127 42 127 577 5 117 108 8 432 730 203 156 278 623 120 615 519 631 587 37 609 113 566 130 593 541 22 324 181 424 498 211 189 633 21 564 103 440 190 294 284 107 74 
308 128 302 127 142 x 615 105 25 166 577 9 551 274 13 502 98 46 211 145 350 18 270 571 168 290 523 80 326 113 122 74 392 250 552 159 238 626 135 112 505 298 12 246 103 203 7 123 165 575 91 244 96 57 314 39 53 92 548 107 93 183 414 457 83 11 335 233 36 322 87 252 576 604 167 228 119 400 191 214 111 209 309 601 251 57 364 35 187 200 115 380 265 493 82 543 487 69 224 458 598 65 232 342 206 151 206 406 315 33 38 549 285 15 184 269 435 147 259 34 150 290 588 61 14 136 481 262 473 377 489 445 179 467 255 424 272 451 399 120 182 39 282 356 353 47 491 121 422 245 298 332 152 142 249 68 
923 743 917 742 757 615 x 720 590 449 38 606 64 889 628 113 517 569 826 470 265 597 885 44 447 905 92 535 289 502 493 689 223 865 63 456 377 11 750 727 110 913 627 861 512 818 608 738 450 40 524 859 711 558 929 654 668 523 67 508 708 432 201 158 532 626 280 848 651 293 702 363 39 11 448 387 496 215 806 829 726 824 924 14 866 672 251 580 802 415 730 235 350 122 533 72 128 546 839 157 17 550 383 273 409 766 821 209 930 648 577 66 900 630 799 884 180 762 874 649 765 325 27 554 601 479 134 877 142 238 126 170 794 148 870 191 887 164 216 735 433 576 333 259 968 568 124 736 193 860 317 947 463 473 864 683 
203 23 197 22 37 105 720 x 130 271 682 114 656 169 92 607 203 151 106 250 455 123 165 676 273 185 628 185 431 218 227 31 497 145 657 264 343 731 30 7 610 193 93 141 208 98 112 18 270 680 196 139 9 162 209 66 52 197 653 212 12 288 519 562 188 94 440 128 69 427 18 357 681 709 272 333 224 505 86 109 6 104 204 706 146 48 469 140 82 305 10 485 370 598 187 648 592 174 119 563 703 170 337 447 311 46 101 511 210 72 143 654 180 90 79 164 540 42 154 71 45 395 693 166 119 241 586 157 578 482 594 550 74 572 150 529 167 556 504 15 287 144 387 461 248 152 596 16 527 140 403 227 257 247 144 37 
333 153 327 152 167 25 590 130 x 141 552 16 526 299 38 477 73 21 236 120 325 7 295 546 143 315 498 55 301 88 97 99 367 275 527 134 213 601 160 137 480 323 37 271 78 228 18 148 140 550 66 269 121 32 339 64 78 67 523 82 118 158 389 432 58 36 310 258 61 297 112 227 551 579 142 203 94 375 216 239 136 234 334 576 276 82 339 10 212 175 140 355 240 468 57 518 462 44 249 433 573 40 207 317 181 176 231 381 340 58 13 524 310 40 209 294 410 172 284 59 175 265 563 36 11 111 456 287 448 352 464 420 204 442 280 399 297 426 374 145 157 14 257 331 378 22 466 146 397 270 273 357 127 117 274 93 
474 294 468 293 308 166 449 271 141 x 411 157 385 440 179 336 68 120 377 21 184 148 436 405 2 456 357 86 160 53 44 240 226 416 386 7 72 460 301 278 339 464 178 412 63 369 159 289 1 409 75 410 262 109 480 205 219 74 382 59 259 17 248 291 83 177 169 399 202 156 253 86 410 438 1 62 47 234 357 380 277 375 475 435 417 223 198 131 353 34 281 214 99 327 84 377 321 97 390 292 432 101 66 176 40 317 372 240 481 199 128 383 451 181 350 435 269 313 425 200 316 124 422 105 152 30 315 428 307 211 323 279 345 301 421 258 438 285 233 286 16 127 116 190 519 119 325 287 256 411 132 498 14 24 415 234 
885 705 879 704 719 577 38 682 552 411 x 568 26 851 590 75 479 531 788 432 227 559 847 6 409 867 54 497 251 464 455 651 185 827 25 418 339 49 712 689 72 875 589 823 474 780 570 700 412 2 486 821 673 520 891 616 630 485 29 470 670 394 163 120 494 588 242 810 613 255 664 325 1 27 410 349 458 177 768 791 688 786 886 24 828 634 213 542 764 377 692 197 312 84 495 34 90 508 801 119 21 512 345 235 371 728 783 171 892 610 539 28 862 592 761 846 142 724 836 611 727 287 11 516 563 441 96 839 104 200 88 132 756 110 832 153 849 126 178 697 395 538 295 221 930 530 86 698 155 822 279 909 425 435 826 645 
317 137 311 136 151 9 606 114 16 157 568 x 542 283 22 493 89 37 220 136 341 9 279 562 159 299 514 71 317 104 113 83 383 259 543 150 229 617 144 121 496 307 21 255 94 212 2 132 156 566 82 253 105 48 323 48 62 83 539 98 102 174 405 448 74 20 326 242 45 313 96 243 567 595 158 219 110 391 200 223 120 218 318 592 260 66 355 26 196 191 124 371 256 484 73 534 478 60 233 449 589 56 223 333 197 160 215 397 324 42 29 540 294 24 193 278 426 156 268 43 159 281 579 52 5 127 472 271 464 368 480 436 188 458 264 415 281 442 390 129 173 30 273 347 362 38 482 130 413 254 289 341 143 133 258 77 
859 679 853 678 693 551 64 656 526 385 26 542 x 825 564 49 453 505 762 406 201 533 821 20 383 841 28 471 225 438 429 625 159 801 1 392 313 75 686 663 46 849 563 797 448 754 544 674 386 24 460 795 647 494 865 590 604 459 3 444 644 368 137 94 468 562 216 784 587 229 638 299 25 53 384 323 432 151 742 765 662 760 860 50 802 608 187 516 738 351 666 171 286 58 469 8 64 482 775 93 47 486 319 209 345 702 757 145 866 584 513 2 836 566 735 820 116 698 810 585 701 261 37 490 537 415 70 813 78 174 62 106 730 84 806 127 823 100 152 671 369 512 269 195 904 504 60 672 129 796 253 883 399 409 800 619 
34 146 28 147 132 274 889 169 299 440 851 283 825 x 261 776 372 320 63 419 624 292 4 845 442 16 797 354 600 387 396 200 666 24 826 433 512 900 139 162 779 24 262 28 377 71 281 151 439 849 365 30 178 331 40 235 221 366 822 381 181 457 688 731 357 263 609 41 238 596 187 526 850 878 441 502 393 674 83 60 163 65 35 875 23 217 638 309 87 474 159 654 539 767 356 817 761 343 50 732 872 339 506 616 480 123 68 680 41 241 312 823 11 259 90 5 709 127 15 240 124 564 862 335 288 410 755 12 747 651 763 719 95 741 19 698 2 725 673 154 456 313 556 630 79 321 765 153 696 29 572 58 426 416 25 206 
295 115 289 114 129 13 628 92 38 179 590 22 564 261 x 515 111 59 198 158 363 31 257 584 181 277 536 93 339 126 135 61 405 237 565 172 251 639 122 99 518 285 1 233 116 190 20 110 178 588 104 231 83 70 301 26 40 105 561 120 80 196 427 470 96 2 348 220 23 335 74 265 589 617 180 241 132 413 178 201 98 196 296 614 238 44 377 48 174 213 102 393 278 506 95 556 500 82 211 471 611 78 245 355 219 138 193 419 302 20 51 562 272 2 171 256 448 134 246 21 137 303 601 74 27 149 494 249 486 390 502 458 166 480 242 437 259 464 412 107 195 52 295 369 340 60 504 108 435 232 311 319 165 155 236 55 
810 630 804 629 644 502 113 607 477 336 75 493 49 776 515 x 404 456 713 357 152 484 772 69 334 792 21 422 176 389 380 576 110 752 50 343 264 124 637 614 3 800 514 748 399 705 495 625 337 73 411 746 598 445 816 541 555 410 46 395 595 319 88 45 419 513 167 735 538 180 589 250 74 102 335 274 383 102 693 716 613 711 811 99 753 559 138 467 689 302 617 122 237 9 420 41 15 433 726 44 96 437 270 160 296 653 708 96 817 535 464 47 787 517 686 771 67 649 761 536 652 212 86 441 488 366 21 764 29 125 13 57 681 35 757 78 774 51 103 622 320 463 220 146 855 455 11 623 80 747 204 834 350 360 751 570 
406 226 400 225 240 98 517 203 73 68 479 89 453 372 111 404 x 52 309 47 252 80 368 473 70 388 425 18 228 15 24 172 294 348 454 61 140 528 233 210 407 396 110 344 5 301 91 221 67 477 7 342 194 41 412 137 151 6 450 9 191 85 316 359 15 109 237 331 134 224 185 154 478 506 69 130 21 302 289 312 209 307 407 503 349 155 266 63 285 102 213 282 167 395 16 445 389 29 322 360 500 33 134 244 108 249 304 308 413 131 60 451 383 113 282 367 337 245 357 132 248 192 490 37 84 38 383 360 375 279 391 347 277 369 353 326 370 353 301 218 84 59 184 258 451 51 393 219 324 343 200 430 54 44 347 166 
354 174 348 173 188 46 569 151 21 120 531 37 505 320 59 456 52 x 257 99 304 28 316 525 122 336 477 34 280 67 76 120 346 296 506 113 192 580 181 158 459 344 58 292 57 249 39 169 119 529 45 290 142 11 360 85 99 46 502 61 139 137 368 411 37 57 289 279 82 276 133 206 530 558 121 182 73 354 237 260 157 255 355 555 297 103 318 11 233 154 161 334 219 447 36 497 441 23 270 412 552 19 186 296 160 197 252 360 361 79 8 503 331 61 230 315 389 193 305 80 196 244 542 15 32 90 435 308 427 331 443 399 225 421 301 378 318 405 353 166 136 7 236 310 399 1 445 167 376 291 252 378 106 96 295 114 
97 83 91 84 69 211 826 106 236 377 788 220 762 63 198 713 309 257 x 356 561 229 59 782 379 79 734 291 537 324 333 137 603 39 763 370 449 837 76 99 716 87 199 35 314 8 218 88 376 786 302 33 115 268 103 172 158 303 759 318 118 394 625 668 294 200 546 22 175 533 124 463 787 815 378 439 330 611 20 3 100 2 98 812 40 154 575 246 24 411 96 591 476 704 293 754 698 280 13 669 809 276 443 553 417 60 5 617 104 178 249 760 74 196 27 58 646 64 48 177 61 501 799 272 225 347 692 51 684 588 700 656 32 678 44 635 61 662 610 91 393 250 493 567 142 258 702 90 633 34 509 121 363 353 38 143 
453 273 447 272 287 145 470 250 120 21 432 136 406 419 158 357 47 99 356 x 205 127 415 426 23 435 378 65 181 32 23 219 247 395 407 14 93 481 280 257 360 443 157 391 42 348 138 268 20 430 54 389 241 88 459 184 198 53 403 38 238 38 269 312 62 156 190 378 181 177 232 107 431 459 22 83 26 255 336 359 256 354 454 456 396 202 219 110 332 55 260 235 120 348 63 398 342 76 369 313 453 80 87 197 61 296 351 261 460 178 107 404 430 160 329 414 290 292 404 179 295 145 443 84 131 9 336 407 328 232 344 300 324 322 400 279 417 306 254 265 37 106 137 211 498 98 346 266 277 390 153 477 7 3 394 213 
658 478 652 477 492 350 265 455 325 184 227 341 201 624 363 152 252 304 561 205 x 332 620 221 182 640 173 270 24 237 228 424 42 600 202 191 112 276 485 462 155 648 362 596 247 553 343 473 185 225 259 594 446 293 664 389 403 258 198 243 443 167 64 107 267 361 15 583 386 28 437 98 226 254 183 122 231 50 541 564 461 559 659 251 601 407 14 315 537 150 465 30 85 143 268 193 137 281 574 108 248 285 118 8 144 501 556 56 665 383 312 199 635 365 534 619 85 497 609 384 500 60 238 289 336 214 131 612 123 27 139 95 529 117 605 74 622 101 49 470 168 311 68 6 703 303 141 471 72 595 52 682 198 208 599 418 
326 146 320 145 160 18 597 123 7 148 559 9 533 292 31 484 80 28 229 127 332 x 288 553 150 308 505 62 308 95 104 92 374 268 534 141 220 608 153 130 487 316 30 264 85 221 11 141 147 557 73 262 114 39 332 57 71 74 530 89 111 165 396 439 65 29 317 251 54 304 105 234 558 586 149 210 101 382 209 232 129 227 327 583 269 75 346 17 205 182 133 362 247 475 64 525 469 51 242 440 580 47 214 324 188 169 224 388 333 51 20 531 303 33 202 287 417 165 277 52 168 272 570 43 4 118 463 280 455 359 471 427 197 449 273 406 290 433 381 138 164 21 264 338 371 29 473 139 404 263 280 350 134 124 267 86 
38 142 32 143 128 270 885 165 295 436 847 279 821 4 257 772 368 316 59 415 620 288 x 841 438 20 793 350 596 383 392 196 662 20 822 429 508 896 135 158 775 28 258 24 373 67 277 147 435 845 361 26 174 327 44 231 217 362 818 377 177 453 684 727 353 259 605 37 234 592 183 522 846 874 437 498 389 670 79 56 159 61 39 871 19 213 634 305 83 470 155 650 535 763 352 813 757 339 46 728 868 335 502 612 476 119 64 676 45 237 308 819 15 255 86 1 705 123 11 236 120 560 858 331 284 406 751 8 743 647 759 715 91 737 15 694 2 721 669 150 452 309 552 626 83 317 761 149 692 25 568 62 422 412 21 202 
879 699 873 698 713 571 44 676 546 405 6 562 20 845 584 69 473 525 782 426 221 553 841 x 403 861 48 491 245 458 449 645 179 821 19 412 333 55 706 683 66 869 583 817 468 774 564 694 406 4 480 815 667 514 885 610 624 479 23 464 664 388 157 114 488 582 236 804 607 249 658 319 5 33 404 343 452 171 762 785 682 780 880 30 822 628 207 536 758 371 686 191 306 78 489 28 84 502 795 113 27 506 339 229 365 722 777 165 886 604 533 22 856 586 755 840 136 718 830 605 721 281 17 510 557 435 90 833 98 194 82 126 750 104 826 147 843 120 172 691 389 532 289 215 924 524 80 692 149 816 273 903 419 429 820 639 
476 296 470 295 310 168 447 273 143 2 409 159 383 442 181 334 70 122 379 23 182 150 438 403 x 458 355 88 158 55 46 242 224 418 384 9 70 458 303 280 337 466 180 414 65 371 161 291 3 407 77 412 264 111 482 207 221 76 380 61 261 15 246 289 85 179 167 401 204 154 255 84 408 436 1 60 49 232 359 382 279 377 477 433 419 225 196 133 355 32 283 212 97 325 86 375 319 99 392 290 430 103 64 174 38 319 374 238 483 201 130 381 453 183 352 437 267 315 427 202 318 122 420 107 154 32 313 430 305 209 321 277 347 299 423 256 440 283 231 288 14 129 114 188 521 121 323 289 254 413 130 500 16 26 417 236 
18 162 12 163 148 290 905 185 315 456 867 299 841 16 277 792 388 336 79 435 640 308 20 861 458 x 813 370 616 403 412 216 682 40 842 449 528 916 155 178 795 8 278 44 393 87 297 167 455 865 381 46 194 347 24 251 237 382 838 397 197 473 704 747 373 279 625 57 254 612 203 542 866 894 457 518 409 690 99 76 179 81 19 891 39 233 654 325 103 490 175 670 555 783 372 833 777 359 66 748 888 355 522 632 496 139 84 696 25 257 328 839 5 275 106 21 725 143 31 256 140 580 878 351 304 426 771 28 763 667 779 735 111 757 35 714 18 741 689 170 472 329 572 646 63 337 781 169 712 45 588 42 442 432 41 222 
831 651 825 650 665 523 92 628 498 357 54 514 28 797 536 21 425 477 734 378 173 505 793 48 355 813 x 443 197 410 401 597 131 773 29 364 285 103 658 635 18 821 535 769 420 726 516 646 358 52 432 767 619 466 837 562 576 431 25 416 616 340 109 66 440 534 188 756 559 201 610 271 53 81 356 295 404 123 714 737 634 732 832 78 774 580 159 488 710 323 638 143 258 30 441 20 36 454 747 65 75 458 291 181 317 674 729 117 838 556 485 26 808 538 707 792 88 670 782 557 673 233 65 462 509 387 42 785 50 146 34 78 702 56 778 99 795 72 124 643 341 484 241 167 876 476 32 644 101 768 225 855 371 381 772 591 
388 208 382 207 222 80 535 185 55 86 497 71 471 354 93 422 18 34 291 65 270 62 350 491 88 370 443 x 246 33 42 154 312 330 472 79 158 546 215 192 425 378 92 326 23 283 73 203 85 495 11 324 176 23 394 119 133 12 468 27 173 103 334 377 3 91 255 313 116 242 167 172 496 524 87 148 39 320 271 294 191 289 389 521 331 137 284 45 267 120 195 300 185 413 2 463 407 11 304 378 518 15 152 262 126 231 286 326 395 113 42 469 365 95 264 349 355 227 339 114 230 210 508 19 66 56 401 342 393 297 409 365 259 387 335 344 352 371 319 200 102 41 202 276 433 33 411 201 342 325 218 412 72 62 329 148 
634 454 628 453 468 326 289 431 301 160 251 317 225 600 339 176 228 280 537 181 24 308 596 245 158 616 197 246 x 213 204 400 66 576 226 167 88 300 461 438 179 624 338 572 223 529 319 449 161 249 235 570 422 269 640 365 379 234 222 219 419 143 88 131 243 337 9 559 362 4 413 74 250 278 159 98 207 74 517 540 437 535 635 275 577 383 38 291 513 126 441 54 61 167 244 217 161 257 550 132 272 261 94 16 120 477 532 80 641 359 288 223 611 341 510 595 109 473 585 360 476 36 262 265 312 190 155 588 147 51 163 119 505 141 581 98 598 125 73 446 144 287 44 30 679 279 165 447 96 571 28 658 174 184 575 394 
421 241 415 240 255 113 502 218 88 53 464 104 438 387 126 389 15 67 324 32 237 95 383 458 55 403 410 33 213 x 9 187 279 363 439 46 125 513 248 225 392 411 125 359 10 316 106 236 52 462 22 357 209 56 427 152 166 21 435 6 206 70 301 344 30 124 222 346 149 209 200 139 463 491 54 115 6 287 304 327 224 322 422 488 364 170 251 78 300 87 228 267 152 380 31 430 374 44 337 345 485 48 119 229 93 264 319 293 428 146 75 436 398 128 297 382 322 260 372 147 263 177 475 52 99 23 368 375 360 264 376 332 292 354 368 311 385 338 286 233 69 74 169 243 466 66 378 234 309 358 185 445 39 29 362 181 
430 250 424 249 264 122 493 227 97 44 455 113 429 396 135 380 24 76 333 23 228 104 392 449 46 412 401 42 204 9 x 196 270 372 430 37 116 504 257 234 383 420 134 368 19 325 115 245 43 453 31 366 218 65 436 161 175 30 426 15 215 61 292 335 39 133 213 355 158 200 209 130 454 482 45 106 3 278 313 336 233 331 431 479 373 179 242 87 309 78 237 258 143 371 40 421 365 53 346 336 476 57 110 220 84 273 328 284 437 155 84 427 407 137 306 391 313 269 381 156 272 168 466 61 108 14 359 384 351 255 367 323 301 345 377 302 394 329 277 242 60 83 160 234 475 75 369 243 300 367 176 454 30 20 371 190 
234 54 228 53 68 74 689 31 99 240 651 83 625 200 61 576 172 120 137 219 424 92 196 645 242 216 597 154 400 187 196 x 466 176 626 233 312 700 61 38 579 224 62 172 177 129 81 49 239 649 165 170 22 131 240 35 21 166 622 181 19 257 488 531 157 63 409 159 38 396 13 326 650 678 241 302 193 474 117 140 37 135 235 675 177 17 438 109 113 274 41 454 339 567 156 617 561 143 150 532 672 139 306 416 280 77 132 480 241 41 112 623 211 59 110 195 509 73 185 40 76 364 662 135 88 210 555 188 547 451 563 519 105 541 181 498 198 525 473 46 256 113 356 430 279 121 565 47 496 171 372 258 226 216 175 6 
700 520 694 519 534 392 223 497 367 226 185 383 159 666 405 110 294 346 603 247 42 374 662 179 224 682 131 312 66 279 270 466 x 642 160 233 154 234 527 504 113 690 404 638 289 595 385 515 227 183 301 636 488 335 706 431 445 300 156 285 485 209 22 65 309 403 57 625 428 70 479 140 184 212 225 164 273 8 583 606 503 601 701 209 643 449 28 357 579 192 507 12 127 101 310 151 95 323 616 66 206 327 160 50 186 543 598 14 707 425 354 157 677 407 576 661 43 539 651 426 542 102 196 331 378 256 89 654 81 15 97 53 571 75 647 32 664 59 7 512 210 353 110 36 745 345 99 513 30 637 94 724 240 250 641 460 
58 122 52 123 108 250 865 145 275 416 827 259 801 24 237 752 348 296 39 395 600 268 20 821 418 40 773 330 576 363 372 176 642 x 802 409 488 876 115 138 755 48 238 4 353 47 257 127 415 825 341 6 154 307 64 211 197 342 798 357 157 433 664 707 333 239 585 17 214 572 163 502 826 854 417 478 369 650 59 36 139 41 59 851 1 193 614 285 63 450 135 630 515 743 332 793 737 319 26 708 848 315 482 592 456 99 44 656 65 217 288 799 35 235 66 19 685 103 9 216 100 540 838 311 264 386 731 12 723 627 739 695 71 717 5 674 22 701 649 130 432 289 532 606 103 297 741 129 672 5 548 82 402 392 1 182 
860 680 854 679 694 552 63 657 527 386 25 543 1 826 565 50 454 506 763 407 202 534 822 19 384 842 29 472 226 439 430 626 160 802 x 393 314 74 687 664 47 850 564 798 449 755 545 675 387 23 461 796 648 495 866 591 605 460 4 445 645 369 138 95 469 563 217 785 588 230 639 300 24 52 385 324 433 152 743 766 663 761 861 49 803 609 188 517 739 352 667 172 287 59 470 9 65 483 776 94 46 487 320 210 346 703 758 146 867 585 514 3 837 567 736 821 117 699 811 586 702 262 36 491 538 416 71 814 79 175 63 107 731 85 807 128 824 101 153 672 370 513 270 196 905 505 61 673 130 797 254 884 400 410 801 620 
467 287 461 286 301 159 456 264 134 7 418 150 392 433 172 343 61 113 370 14 191 141 429 412 9 449 364 79 167 46 37 233 233 409 393 x 79 467 294 271 346 457 171 405 56 362 152 282 6 416 68 403 255 102 473 198 212 67 389 52 252 24 255 298 76 170 176 392 195 163 246 93 417 445 8 69 40 241 350 373 270 368 468 442 410 216 205 124 346 41 274 221 106 334 77 384 328 90 383 299 439 94 73 183 47 310 365 247 474 192 121 390 444 174 343 428 276 306 418 193 309 131 429 98 145 23 322 421 314 218 330 286 338 308 414 265 431 292 240 279 23 120 123 197 512 112 332 280 263 404 139 491 7 17 408 227 
546 366 540 365 380 238 377 343 213 72 339 229 313 512 251 264 140 192 449 93 112 220 508 333 70 528 285 158 88 125 116 312 154 488 314 79 x 388 373 350 267 536 250 484 135 441 231 361 73 337 147 482 334 181 552 277 291 146 310 131 331 55 176 219 155 249 97 471 274 84 325 14 338 366 71 10 119 162 429 452 349 447 547 363 489 295 126 203 425 38 353 142 27 255 156 305 249 169 462 220 360 173 6 104 32 389 444 168 553 271 200 311 523 253 422 507 197 385 497 272 388 52 350 177 224 102 243 500 235 139 251 207 417 229 493 186 510 213 161 358 56 199 44 118 591 191 253 359 184 483 60 570 86 96 487 306 
934 754 928 753 768 626 11 731 601 460 49 617 75 900 639 124 528 580 837 481 276 608 896 55 458 916 103 546 300 513 504 700 234 876 74 467 388 x 761 738 121 924 638 872 523 829 619 749 461 51 535 870 722 569 940 665 679 534 78 519 719 443 212 169 543 637 291 859 662 304 713 374 50 22 459 398 507 226 817 840 737 835 935 25 877 683 262 591 813 426 741 246 361 133 544 83 139 557 850 168 28 561 394 284 420 777 832 220 941 659 588 77 911 641 810 895 191 773 885 660 776 336 38 565 612 490 145 888 153 249 137 181 805 159 881 202 898 175 227 746 444 587 344 270 979 579 135 747 204 871 328 958 474 484 875 694 
173 7 167 8 7 135 750 30 160 301 712 144 686 139 122 637 233 181 76 280 485 153 135 706 303 155 658 215 461 248 257 61 527 115 687 294 373 761 x 23 640 163 123 111 238 68 142 12 300 710 226 109 39 192 179 96 82 227 683 242 42 318 549 592 218 124 470 98 99 457 48 387 711 739 302 363 254 535 56 79 24 74 174 736 116 78 499 170 52 335 20 515 400 628 217 678 622 204 89 593 733 200 367 477 341 16 71 541 180 102 173 684 150 120 49 134 570 12 124 101 15 425 723 196 149 271 616 127 608 512 624 580 44 602 120 559 137 586 534 15 317 174 417 491 218 182 626 14 557 110 433 197 287 277 114 67 
196 16 190 15 30 112 727 7 137 278 689 121 663 162 99 614 210 158 99 257 462 130 158 683 280 178 635 192 438 225 234 38 504 138 664 271 350 738 23 x 617 186 100 134 215 91 119 11 277 687 203 132 16 169 202 73 59 204 660 219 19 295 526 569 195 101 447 121 76 434 25 364 688 716 279 340 231 512 79 102 1 97 197 713 139 55 476 147 75 312 3 492 377 605 194 655 599 181 112 570 710 177 344 454 318 39 94 518 203 79 150 661 173 97 72 157 547 35 147 78 38 402 700 173 126 248 593 150 585 489 601 557 67 579 143 536 160 563 511 8 294 151 394 468 241 159 603 9 534 133 410 220 264 254 137 44 
813 633 807 632 647 505 110 610 480 339 72 496 46 779 518 3 407 459 716 360 155 487 775 66 337 795 18 425 179 392 383 579 113 755 47 346 267 121 640 617 x 803 517 751 402 708 498 628 340 70 414 749 601 448 819 544 558 413 43 398 598 322 91 48 422 516 170 738 541 183 592 253 71 99 338 277 386 105 696 719 616 714 814 96 756 562 141 470 692 305 620 125 240 12 423 38 18 436 729 47 93 440 273 163 299 656 711 99 820 538 467 44 790 520 689 774 70 652 764 539 655 215 83 444 491 369 24 767 32 128 16 60 684 38 760 81 777 54 106 625 323 466 223 149 858 458 14 626 83 750 207 837 353 363 754 573 
10 170 4 171 156 298 913 193 323 464 875 307 849 24 285 800 396 344 87 443 648 316 28 869 466 8 821 378 624 411 420 224 690 48 850 457 536 924 163 186 803 x 286 52 401 95 305 175 463 873 389 54 202 355 16 259 245 390 846 405 205 481 712 755 381 287 633 65 262 620 211 550 874 902 465 526 417 698 107 84 187 89 11 899 47 241 662 333 111 498 183 678 563 791 380 841 785 367 74 756 896 363 530 640 504 147 92 704 17 265 336 847 13 283 114 29 733 151 39 264 148 588 886 359 312 434 779 36 771 675 787 743 119 765 43 722 26 749 697 178 480 337 580 654 55 345 789 177 720 53 596 34 450 440 49 230 
296 116 290 115 130 12 627 93 37 178 589 21 563 262 1 514 110 58 199 157 362 30 258 583 180 278 535 92 338 125 134 62 404 238 564 171 250 638 123 100 517 286 x 234 115 191 19 111 177 587 103 232 84 69 302 27 41 104 560 119 81 195 426 469 95 1 347 221 24 334 75 264 588 616 179 240 131 412 179 202 99 197 297 613 239 45 376 47 175 212 103 392 277 505 94 555 499 81 212 470 610 77 244 354 218 139 194 418 303 21 50 561 273 3 172 257 447 135 247 22 138 302 600 73 26 148 493 250 485 389 501 457 167 479 243 436 260 463 411 108 194 51 294 368 341 59 503 109 434 233 310 320 164 154 237 56 
62 118 56 119 104 246 861 141 271 412 823 255 797 28 233 748 344 292 35 391 596 264 24 817 414 44 769 326 572 359 368 172 638 4 798 405 484 872 111 134 751 52 234 x 349 43 253 123 411 821 337 2 150 303 68 207 193 338 794 353 153 429 660 703 329 235 581 13 210 568 159 498 822 850 413 474 365 646 55 32 135 37 63 847 5 189 610 281 59 446 131 626 511 739 328 789 733 315 22 704 844 311 478 588 452 95 40 652 69 213 284 795 39 231 62 23 681 99 13 212 96 536 834 307 260 382 727 16 719 623 735 691 67 713 9 670 26 697 645 126 428 285 528 602 107 293 737 125 668 1 544 86 398 388 3 178 
411 231 405 230 245 103 512 208 78 63 474 94 448 377 116 399 5 57 314 42 247 85 373 468 65 393 420 23 223 10 19 177 289 353 449 56 135 523 238 215 402 401 115 349 x 306 96 226 62 472 12 347 199 46 417 142 156 11 445 4 196 80 311 354 20 114 232 336 139 219 190 149 473 501 64 125 16 297 294 317 214 312 412 498 354 160 261 68 290 97 218 277 162 390 21 440 384 34 327 355 495 38 129 239 103 254 309 303 418 136 65 446 388 118 287 372 332 250 362 137 253 187 485 42 89 33 378 365 370 274 386 342 282 364 358 321 375 348 296 223 79 64 179 253 456 56 388 224 319 348 195 435 49 39 352 171 
105 75 99 76 61 203 818 98 228 369 780 212 754 71 190 705 301 249 8 348 553 221 67 774 371 87 726 283 529 316 325 129 595 47 755 362 441 829 68 91 708 95 191 43 306 x 210 80 368 778 294 41 107 260 111 164 150 295 751 310 110 386 617 660 286 192 538 30 167 525 116 455 779 807 370 431 322 603 12 11 92 6 106 804 48 146 567 238 16 403 88 583 468 696 285 746 690 272 21 661 801 268 435 545 409 52 3 609 112 170 241 752 82 188 19 66 638 56 56 169 53 493 791 264 217 339 684 59 676 580 692 648 24 670 52 627 69 654 602 83 385 242 485 559 150 250 694 82 625 42 501 129 355 345 46 135 
315 135 309 134 149 7 608 112 18 159 570 2 544 281 20 495 91 39 218 138 343 11 277 564 161 297 516 73 319 106 115 81 385 257 545 152 231 619 142 119 498 305 19 253 96 210 x 130 158 568 84 251 103 50 321 46 60 85 541 100 100 176 407 450 76 18 328 240 43 315 94 245 569 597 160 221 112 393 198 221 118 216 316 594 258 64 357 28 194 193 122 373 258 486 75 536 480 62 231 451 591 58 225 335 199 158 213 399 322 40 31 542 292 22 191 276 428 154 266 41 157 283 581 54 7 129 474 269 466 370 482 438 186 460 262 417 279 444 392 127 175 32 275 349 360 40 484 128 415 252 291 339 145 135 256 75 
185 5 179 4 19 123 738 18 148 289 700 132 674 151 110 625 221 169 88 268 473 141 147 694 291 167 646 203 449 236 245 49 515 127 675 282 361 749 12 11 628 175 111 123 226 80 130 x 288 698 214 121 27 180 191 84 70 215 671 230 30 306 537 580 206 112 458 110 87 445 36 375 699 727 290 351 242 523 68 91 12 86 186 724 128 66 487 158 64 323 8 503 388 616 205 666 610 192 101 581 721 188 355 465 329 28 83 529 192 90 161 672 162 108 61 146 558 24 136 89 27 413 711 184 137 259 604 139 596 500 612 568 56 590 132 547 149 574 522 3 305 162 405 479 230 170 614 2 545 122 421 209 275 265 126 55 
473 293 467 292 307 165 450 270 140 1 412 156 386 439 178 337 67 119 376 20 185 147 435 406 3 455 358 85 161 52 43 239 227 415 387 6 73 461 300 277 340 463 177 411 62 368 158 288 x 410 74 409 261 108 479 204 218 73 383 58 258 18 249 292 82 176 170 398 201 157 252 87 411 439 2 63 46 235 356 379 276 374 474 436 416 222 199 130 352 35 280 215 100 328 83 378 322 96 389 293 433 100 67 177 41 316 371 241 480 198 127 384 450 180 349 434 270 312 424 199 315 125 423 104 151 29 316 427 308 212 324 280 344 302 420 259 437 286 234 285 17 126 117 191 518 118 326 286 257 410 133 497 13 23 414 233 
883 703 877 702 717 575 40 680 550 409 2 566 24 849 588 73 477 529 786 430 225 557 845 4 407 865 52 495 249 462 453 649 183 825 23 416 337 51 710 687 70 873 587 821 472 778 568 698 410 x 484 819 671 518 889 614 628 483 27 468 668 392 161 118 492 586 240 808 611 253 662 323 1 29 408 347 456 175 766 789 686 784 884 26 826 632 211 540 762 375 690 195 310 82 493 32 88 506 799 117 23 510 343 233 369 726 781 169 890 608 537 26 860 590 759 844 140 722 834 609 725 285 13 514 561 439 94 837 102 198 86 130 754 108 830 151 847 124 176 695 393 536 293 219 928 528 84 696 153 820 277 907 423 433 824 643 
399 219 393 218 233 91 524 196 66 75 486 82 460 365 104 411 7 45 302 54 259 73 361 480 77 381 432 11 235 22 31 165 301 341 461 68 147 535 226 203 414 389 103 337 12 294 84 214 74 484 x 335 187 34 405 130 144 1 457 16 184 92 323 366 8 102 244 324 127 231 178 161 485 513 76 137 28 309 282 305 202 300 400 510 342 148 273 56 278 109 206 289 174 402 9 452 396 22 315 367 507 26 141 251 115 242 297 315 406 124 53 458 376 106 275 360 344 238 350 125 241 199 497 30 77 45 390 353 382 286 398 354 270 376 346 333 363 360 308 211 91 52 191 265 444 44 400 212 331 336 207 423 61 51 340 159 
64 116 58 117 102 244 859 139 269 410 821 253 795 30 231 746 342 290 33 389 594 262 26 815 412 46 767 324 570 357 366 170 636 6 796 403 482 870 109 132 749 54 232 2 347 41 251 121 409 819 335 x 148 301 70 205 191 336 792 351 151 427 658 701 327 233 579 11 208 566 157 496 820 848 411 472 363 644 53 30 133 35 65 845 7 187 608 279 57 444 129 624 509 737 326 787 731 313 20 702 842 309 476 586 450 93 38 650 71 211 282 793 41 229 60 25 679 97 15 210 94 534 832 305 258 380 725 18 717 621 733 689 65 711 11 668 28 695 643 124 426 283 526 600 109 291 735 123 666 1 542 88 396 386 5 176 
212 32 206 31 46 96 711 9 121 262 673 105 647 178 83 598 194 142 115 241 446 114 174 667 264 194 619 176 422 209 218 22 488 154 648 255 334 722 39 16 601 202 84 150 199 107 103 27 261 671 187 148 x 153 218 57 43 188 644 203 3 279 510 553 179 85 431 137 60 418 9 348 672 700 263 324 215 496 95 118 15 113 213 697 155 39 460 131 91 296 19 476 361 589 178 639 583 165 128 554 694 161 328 438 302 55 110 502 219 63 134 645 189 81 88 173 531 51 163 62 54 386 684 157 110 232 577 166 569 473 585 541 83 563 159 520 176 547 495 24 278 135 378 452 257 143 587 25 518 149 394 236 248 238 153 28 
365 185 359 184 199 57 558 162 32 109 520 48 494 331 70 445 41 11 268 88 293 39 327 514 111 347 466 23 269 56 65 131 335 307 495 102 181 569 192 169 448 355 69 303 46 260 50 180 108 518 34 301 153 x 371 96 110 35 491 50 150 126 357 400 26 68 278 290 93 265 144 195 519 547 110 171 62 343 248 271 168 266 366 544 308 114 307 22 244 143 172 323 208 436 25 486 430 12 281 401 541 8 175 285 149 208 263 349 372 90 19 492 342 72 241 326 378 204 316 91 207 233 531 4 43 79 424 319 416 320 432 388 236 410 312 367 329 394 342 177 125 18 225 299 410 10 434 178 365 302 241 389 95 85 306 125 
6 186 12 187 172 314 929 209 339 480 891 323 865 40 301 816 412 360 103 459 664 332 44 885 482 24 837 394 640 427 436 240 706 64 866 473 552 940 179 202 819 16 302 68 417 111 321 191 479 889 405 70 218 371 x 275 261 406 862 421 221 497 728 771 397 303 649 81 278 636 227 566 890 918 481 542 433 714 123 100 203 105 5 915 63 257 678 349 127 514 199 694 579 807 396 857 801 383 90 772 912 379 546 656 520 163 108 720 1 281 352 863 29 299 130 45 749 167 55 280 164 604 902 375 328 450 795 52 787 691 803 759 135 781 59 738 42 765 713 194 496 353 596 670 39 361 805 193 736 69 612 18 466 456 65 246 
269 89 263 88 103 39 654 66 64 205 616 48 590 235 26 541 137 85 172 184 389 57 231 610 207 251 562 119 365 152 161 35 431 211 591 198 277 665 96 73 544 259 27 207 142 164 46 84 204 614 130 205 57 96 275 x 14 131 587 146 54 222 453 496 122 28 374 194 3 361 48 291 615 643 206 267 158 439 152 175 72 170 270 640 212 18 403 74 148 239 76 419 304 532 121 582 526 108 185 497 637 104 271 381 245 112 167 445 276 6 77 588 246 24 145 230 474 108 220 5 111 329 627 100 53 175 520 223 512 416 528 484 140 506 216 463 233 490 438 81 221 78 321 395 314 86 530 82 461 206 337 293 191 181 210 29 
255 75 249 74 89 53 668 52 78 219 630 62 604 221 40 555 151 99 158 198 403 71 217 624 221 237 576 133 379 166 175 21 445 197 605 212 291 679 82 59 558 245 41 193 156 150 60 70 218 628 144 191 43 110 261 14 x 145 601 160 40 236 467 510 136 42 388 180 17 375 34 305 629 657 220 281 172 453 138 161 58 156 256 654 198 4 417 88 134 253 62 433 318 546 135 596 540 122 171 511 651 118 285 395 259 98 153 459 262 20 91 602 232 38 131 216 488 94 206 19 97 343 641 114 67 189 534 209 526 430 542 498 126 520 202 477 219 504 452 67 235 92 335 409 300 100 544 68 475 192 351 279 205 195 196 15 
400 220 394 219 234 92 523 197 67 74 485 83 459 366 105 410 6 46 303 53 258 74 362 479 76 382 431 12 234 21 30 166 300 342 460 67 146 534 227 204 413 390 104 338 11 295 85 215 73 483 1 336 188 35 406 131 145 x 456 15 185 91 322 365 9 103 243 325 128 230 179 160 484 512 75 136 27 308 283 306 203 301 401 509 343 149 272 57 279 108 207 288 173 401 10 451 395 23 316 366 506 27 140 250 114 243 298 314 407 125 54 457 377 107 276 361 343 239 351 126 242 198 496 31 78 44 389 354 381 285 397 353 271 375 347 332 364 359 307 212 90 53 190 264 445 45 399 213 330 337 206 424 60 50 341 160 
856 676 850 675 690 548 67 653 523 382 29 539 3 822 561 46 450 502 759 403 198 530 818 23 380 838 25 468 222 435 426 622 156 798 4 389 310 78 683 660 43 846 560 794 445 751 541 671 383 27 457 792 644 491 862 587 601 456 x 441 641 365 134 91 465 559 213 781 584 226 635 296 28 56 381 320 429 148 739 762 659 757 857 53 799 605 184 513 735 348 663 168 283 55 466 5 61 479 772 90 50 483 316 206 342 699 754 142 863 581 510 1 833 563 732 817 113 695 807 582 698 258 40 487 534 412 67 810 75 171 59 103 727 81 803 124 820 97 149 668 366 509 266 192 901 501 57 669 126 793 250 880 396 406 797 616 
415 235 409 234 249 107 508 212 82 59 470 98 444 381 120 395 9 61 318 38 243 89 377 464 61 397 416 27 219 6 15 181 285 357 445 52 131 519 242 219 398 405 119 353 4 310 100 230 58 468 16 351 203 50 421 146 160 15 441 x 200 76 307 350 24 118 228 340 143 215 194 145 469 497 60 121 12 293 298 321 218 316 416 494 358 164 257 72 294 93 222 273 158 386 25 436 380 38 331 351 491 42 125 235 99 258 313 299 422 140 69 442 392 122 291 376 328 254 366 141 257 183 481 46 93 29 374 369 366 270 382 338 286 360 362 317 379 344 292 227 75 68 175 249 460 60 384 228 315 352 191 439 45 35 356 175 
215 35 209 34 49 93 708 12 118 259 670 102 644 181 80 595 191 139 118 238 443 111 177 664 261 197 616 173 419 206 215 19 485 157 645 252 331 719 42 19 598 205 81 153 196 110 100 30 258 668 184 151 3 150 221 54 40 185 641 200 x 276 507 550 176 82 428 140 57 415 6 345 669 697 260 321 212 493 98 121 18 116 216 694 158 36 457 128 94 293 22 473 358 586 175 636 580 162 131 551 691 158 325 435 299 58 113 499 222 60 131 642 192 78 91 176 528 54 166 59 57 383 681 154 107 229 574 169 566 470 582 538 86 560 162 517 179 544 492 27 275 132 375 449 260 140 584 28 515 152 391 239 245 235 156 25 
491 311 485 310 325 183 432 288 158 17 394 174 368 457 196 319 85 137 394 38 167 165 453 388 15 473 340 103 143 70 61 257 209 433 369 24 55 443 318 295 322 481 195 429 80 386 176 306 18 392 92 427 279 126 497 222 236 91 365 76 276 x 231 274 100 194 152 416 219 139 270 69 393 421 16 45 64 217 374 397 294 392 492 418 434 240 181 148 370 17 298 197 82 310 101 360 304 114 407 275 415 118 49 159 23 334 389 223 498 216 145 366 468 198 367 452 252 330 442 217 333 107 405 122 169 47 298 445 290 194 306 262 362 284 438 241 455 268 216 303 1 144 99 173 536 136 308 304 239 428 115 515 31 41 432 251 
722 542 716 541 556 414 201 519 389 248 163 405 137 688 427 88 316 368 625 269 64 396 684 157 246 704 109 334 88 301 292 488 22 664 138 255 176 212 549 526 91 712 426 660 311 617 407 537 249 161 323 658 510 357 728 453 467 322 134 307 507 231 x 43 331 425 79 647 450 92 501 162 162 190 247 186 295 14 605 628 525 623 723 187 665 471 50 379 601 214 529 34 149 79 332 129 73 345 638 44 184 349 182 72 208 565 620 8 729 447 376 135 699 429 598 683 21 561 673 448 564 124 174 353 400 278 67 676 59 37 75 31 593 53 669 10 686 37 15 534 232 375 132 58 767 367 77 535 8 659 116 746 262 272 663 482 
765 585 759 584 599 457 158 562 432 291 120 448 94 731 470 45 359 411 668 312 107 439 727 114 289 747 66 377 131 344 335 531 65 707 95 298 219 169 592 569 48 755 469 703 354 660 450 580 292 118 366 701 553 400 771 496 510 365 91 350 550 274 43 x 374 468 122 690 493 135 544 205 119 147 290 229 338 57 648 671 568 666 766 144 708 514 93 422 644 257 572 77 192 36 375 86 30 388 681 1 141 392 225 115 251 608 663 51 772 490 419 92 742 472 641 726 22 604 716 491 607 167 131 396 443 321 24 719 16 80 32 12 636 10 712 33 729 6 58 577 275 418 175 101 810 410 34 578 35 702 159 789 305 315 706 525 
391 211 385 210 225 83 532 188 58 83 494 74 468 357 96 419 15 37 294 62 267 65 353 488 85 373 440 3 243 30 39 157 309 333 469 76 155 543 218 195 422 381 95 329 20 286 76 206 82 492 8 327 179 26 397 122 136 9 465 24 176 100 331 374 x 94 252 316 119 239 170 169 493 521 84 145 36 317 274 297 194 292 392 518 334 140 281 48 270 117 198 297 182 410 1 460 404 14 307 375 515 18 149 259 123 234 289 323 398 116 45 466 368 98 267 352 352 230 342 117 233 207 505 22 69 53 398 345 390 294 406 362 262 384 338 341 355 368 316 203 99 44 199 273 436 36 408 204 339 328 215 415 69 59 332 151 
297 117 291 116 131 11 626 94 36 177 588 20 562 263 2 513 109 57 200 156 361 29 259 582 179 279 534 91 337 124 133 63 403 239 563 170 249 637 124 101 516 287 1 235 114 192 18 112 176 586 102 233 85 68 303 28 42 103 559 118 82 194 425 468 94 x 346 222 25 333 76 263 587 615 178 239 130 411 180 203 100 198 298 612 240 46 375 46 176 211 104 391 276 504 93 554 498 80 213 469 609 76 243 353 217 140 195 417 304 22 49 560 274 4 173 258 446 136 248 23 139 301 599 72 25 147 492 251 484 388 500 456 168 478 244 435 261 462 410 109 193 50 293 367 342 58 502 110 433 234 309 321 163 153 238 57 
643 463 637 462 477 335 280 440 310 169 242 326 216 609 348 167 237 289 546 190 15 317 605 236 167 625 188 255 9 222 213 409 57 585 217 176 97 291 470 447 170 633 347 581 232 538 328 458 170 240 244 579 431 278 649 374 388 243 213 228 428 152 79 122 252 346 x 568 371 13 422 83 241 269 168 107 216 65 526 549 446 544 644 266 586 392 29 300 522 135 450 45 70 158 253 208 152 266 559 123 263 270 103 7 129 486 541 71 650 368 297 214 620 350 519 604 100 482 594 369 485 45 253 274 321 199 146 597 138 42 154 110 514 132 590 89 607 116 64 455 153 296 53 21 688 288 156 456 87 580 37 667 183 193 584 403 
75 105 69 106 91 233 848 128 258 399 810 242 784 41 220 735 331 279 22 378 583 251 37 804 401 57 756 313 559 346 355 159 625 17 785 392 471 859 98 121 738 65 221 13 336 30 240 110 398 808 324 11 137 290 81 194 180 325 781 340 140 416 647 690 316 222 568 x 197 555 146 485 809 837 400 461 352 633 42 19 122 24 76 834 18 176 597 268 46 433 118 613 498 726 315 776 720 302 9 691 831 298 465 575 439 82 27 639 82 200 271 782 52 218 49 36 668 86 26 199 83 523 821 294 247 369 714 29 706 610 722 678 54 700 22 657 39 684 632 113 415 272 515 589 120 280 724 112 655 12 531 99 385 375 16 165 
272 92 266 91 106 36 651 69 61 202 613 45 587 238 23 538 134 82 175 181 386 54 234 607 204 254 559 116 362 149 158 38 428 214 588 195 274 662 99 76 541 262 24 210 139 167 43 87 201 611 127 208 60 93 278 3 17 128 584 143 57 219 450 493 119 25 371 197 x 358 51 288 612 640 203 264 155 436 155 178 75 173 273 637 215 21 400 71 151 236 79 416 301 529 118 579 523 105 188 494 634 101 268 378 242 115 170 442 279 3 74 585 249 21 148 233 471 111 223 2 114 326 624 97 50 172 517 226 509 413 525 481 143 503 219 460 236 487 435 84 218 75 318 392 317 83 527 85 458 209 334 296 188 178 213 32 
630 450 624 449 464 322 293 427 297 156 255 313 229 596 335 180 224 276 533 177 28 304 592 249 154 612 201 242 4 209 200 396 70 572 230 163 84 304 457 434 183 620 334 568 219 525 315 445 157 253 231 566 418 265 636 361 375 230 226 215 415 139 92 135 239 333 13 555 358 x 409 70 254 282 155 94 203 78 513 536 433 531 631 279 573 379 42 287 509 122 437 58 57 171 240 221 165 253 546 136 276 257 90 20 116 473 528 84 637 355 284 227 607 337 506 591 113 469 581 356 472 32 266 261 308 186 159 584 151 55 167 123 501 145 577 102 594 129 77 442 140 283 40 34 675 275 169 443 100 567 24 654 170 180 571 390 
221 41 215 40 55 87 702 18 112 253 664 96 638 187 74 589 185 133 124 232 437 105 183 658 255 203 610 167 413 200 209 13 479 163 639 246 325 713 48 25 592 211 75 159 190 116 94 36 252 662 178 157 9 144 227 48 34 179 635 194 6 270 501 544 170 76 422 146 51 409 x 339 663 691 254 315 206 487 104 127 24 122 222 688 164 30 451 122 100 287 28 467 352 580 169 630 574 156 137 545 685 152 319 429 293 64 119 493 228 54 125 636 198 72 97 182 522 60 172 53 63 377 675 148 101 223 568 175 560 464 576 532 92 554 168 511 185 538 486 33 269 126 369 443 266 134 578 34 509 158 385 245 239 229 162 19 
560 380 554 379 394 252 363 357 227 86 325 243 299 526 265 250 154 206 463 107 98 234 522 319 84 542 271 172 74 139 130 326 140 502 300 93 14 374 387 364 253 550 264 498 149 455 245 375 87 323 161 496 348 195 566 291 305 160 296 145 345 69 162 205 169 263 83 485 288 70 339 x 324 352 85 24 133 148 443 466 363 461 561 349 503 309 112 217 439 52 367 128 13 241 170 291 235 183 476 206 346 187 20 90 46 403 458 154 567 285 214 297 537 267 436 521 183 399 511 286 402 38 336 191 238 116 229 514 221 125 237 193 431 215 507 172 524 199 147 372 70 213 30 104 605 205 239 373 170 497 46 584 100 110 501 320 
884 704 878 703 718 576 39 681 551 410 1 567 25 850 589 74 478 530 787 431 226 558 846 5 408 866 53 496 250 463 454 650 184 826 24 417 338 50 711 688 71 874 588 822 473 779 569 699 411 1 485 820 672 519 890 615 629 484 28 469 669 393 162 119 493 587 241 809 612 254 663 324 x 28 409 348 457 176 767 790 687 785 885 25 827 633 212 541 763 376 691 196 311 83 494 33 89 507 800 118 22 511 344 234 370 727 782 170 891 609 538 27 861 591 760 845 141 723 835 610 726 286 12 515 562 440 95 838 103 199 87 131 755 109 831 152 848 125 177 696 394 537 294 220 929 529 85 697 154 821 278 908 424 434 825 644 
912 732 906 731 746 604 11 709 579 438 27 595 53 878 617 102 506 558 815 459 254 586 874 33 436 894 81 524 278 491 482 678 212 854 52 445 366 22 739 716 99 902 616 850 501 807 597 727 439 29 513 848 700 547 918 643 657 512 56 497 697 421 190 147 521 615 269 837 640 282 691 352 28 x 437 376 485 204 795 818 715 813 913 3 855 661 240 569 791 404 719 224 339 111 522 61 117 535 828 146 6 539 372 262 398 755 810 198 919 637 566 55 889 619 788 873 169 751 863 638 754 314 16 543 590 468 123 866 131 227 115 159 783 137 859 180 876 153 205 724 422 565 322 248 957 557 113 725 182 849 306 936 452 462 853 672 
475 295 469 294 309 167 448 272 142 1 410 158 384 441 180 335 69 121 378 22 183 149 437 404 1 457 356 87 159 54 45 241 225 417 385 8 71 459 302 279 338 465 179 413 64 370 160 290 2 408 76 411 263 110 481 206 220 75 381 60 260 16 247 290 84 178 168 400 203 155 254 85 409 437 x 61 48 233 358 381 278 376 476 434 418 224 197 132 354 33 282 213 98 326 85 376 320 98 391 291 431 102 65 175 39 318 373 239 482 200 129 382 452 182 351 436 268 314 426 201 317 123 421 106 153 31 314 429 306 210 322 278 346 300 422 257 439 284 232 287 15 128 115 189 520 120 324 288 255 412 131 499 15 25 416 235 
536 356 530 355 370 228 387 333 203 62 349 219 323 502 241 274 130 182 439 83 122 210 498 343 60 518 295 148 98 115 106 302 164 478 324 69 10 398 363 340 277 526 240 474 125 431 221 351 63 347 137 472 324 171 542 267 281 136 320 121 321 45 186 229 145 239 107 461 264 94 315 24 348 376 61 x 109 172 419 442 339 437 537 373 479 285 136 193 415 28 343 152 37 265 146 315 259 159 452 230 370 163 4 114 22 379 434 178 543 261 190 321 513 243 412 497 207 375 487 262 378 62 360 167 214 92 253 490 245 149 261 217 407 239 483 196 500 223 171 348 46 189 54 128 581 181 263 349 194 473 70 560 76 86 477 296 
427 247 421 246 261 119 496 224 94 47 458 110 432 393 132 383 21 73 330 26 231 101 389 452 49 409 404 39 207 6 3 193 273 369 433 40 119 507 254 231 386 417 131 365 16 322 112 242 46 456 28 363 215 62 433 158 172 27 429 12 212 64 295 338 36 130 216 352 155 203 206 133 457 485 48 109 x 281 310 333 230 328 428 482 370 176 245 84 306 81 234 261 146 374 37 424 368 50 343 339 479 54 113 223 87 270 325 287 434 152 81 430 404 134 303 388 316 266 378 153 269 171 469 58 105 17 362 381 354 258 370 326 298 348 374 305 391 332 280 239 63 80 163 237 472 72 372 240 303 364 179 451 33 23 368 187 
708 528 702 527 542 400 215 505 375 234 177 391 151 674 413 102 302 354 611 255 50 382 670 171 232 690 123 320 74 287 278 474 8 650 152 241 162 226 535 512 105 698 412 646 297 603 393 523 235 175 309 644 496 343 714 439 453 308 148 293 493 217 14 57 317 411 65 633 436 78 487 148 176 204 233 172 281 x 591 614 511 609 709 201 651 457 36 365 587 200 515 20 135 93 318 143 87 331 624 58 198 335 168 58 194 551 606 6 715 433 362 149 685 415 584 669 35 547 659 434 550 110 188 339 386 264 81 662 73 23 89 45 579 67 655 24 672 51 1 520 218 361 118 44 753 353 91 521 22 645 102 732 248 258 649 468 
117 63 111 64 49 191 806 86 216 357 768 200 742 83 178 693 289 237 20 336 541 209 79 762 359 99 714 271 517 304 313 117 583 59 743 350 429 817 56 79 696 107 179 55 294 12 198 68 356 766 282 53 95 248 123 152 138 283 739 298 98 374 605 648 274 180 526 42 155 513 104 443 767 795 358 419 310 591 x 23 80 18 118 792 60 134 555 226 4 391 76 571 456 684 273 734 678 260 33 649 789 256 423 533 397 40 15 597 124 158 229 740 94 176 7 78 626 44 68 157 41 481 779 252 205 327 672 71 664 568 680 636 12 658 64 615 81 642 590 71 373 230 473 547 162 238 682 70 613 54 489 141 343 333 58 123 
94 86 88 87 72 214 829 109 239 380 791 223 765 60 201 716 312 260 3 359 564 232 56 785 382 76 737 294 540 327 336 140 606 36 766 373 452 840 79 102 719 84 202 32 317 11 221 91 379 789 305 30 118 271 100 175 161 306 762 321 121 397 628 671 297 203 549 19 178 536 127 466 790 818 381 442 333 614 23 x 103 5 95 815 37 157 578 249 27 414 99 594 479 707 296 757 701 283 10 672 812 279 446 556 420 63 8 620 101 181 252 763 71 199 30 55 649 67 45 180 64 504 802 275 228 350 695 48 687 591 703 659 35 681 41 638 58 665 613 94 396 253 496 570 139 261 705 93 636 31 512 118 366 356 35 146 
197 17 191 16 31 111 726 6 136 277 688 120 662 163 98 613 209 157 100 256 461 129 159 682 279 179 634 191 437 224 233 37 503 139 663 270 349 737 24 1 616 187 99 135 214 92 118 12 276 686 202 133 15 168 203 72 58 203 659 218 18 294 525 568 194 100 446 122 75 433 24 363 687 715 278 339 230 511 80 103 x 98 198 712 140 54 475 146 76 311 4 491 376 604 193 654 598 180 113 569 709 176 343 453 317 40 95 517 204 78 149 660 174 96 73 158 546 36 148 77 39 401 699 172 125 247 592 151 584 488 600 556 68 578 144 535 161 562 510 9 293 150 393 467 242 158 602 10 533 134 409 221 263 253 138 43 
99 81 93 82 67 209 824 104 234 375 786 218 760 65 196 711 307 255 2 354 559 227 61 780 377 81 732 289 535 322 331 135 601 41 761 368 447 835 74 97 714 89 197 37 312 6 216 86 374 784 300 35 113 266 105 170 156 301 757 316 116 392 623 666 292 198 544 24 173 531 122 461 785 813 376 437 328 609 18 5 98 x 100 810 42 152 573 244 22 409 94 589 474 702 291 752 696 278 15 667 807 274 441 551 415 58 3 615 106 176 247 758 76 194 25 60 644 62 50 175 59 499 797 270 223 345 690 53 682 586 698 654 30 676 46 633 63 660 608 89 391 248 491 565 144 256 700 88 631 36 507 123 361 351 40 141 
1 181 7 182 167 309 924 204 334 475 886 318 860 35 296 811 407 355 98 454 659 327 39 880 477 19 832 389 635 422 431 235 701 59 861 468 547 935 174 197 814 11 297 63 412 106 316 186 474 884 400 65 213 366 5 270 256 401 857 416 216 492 723 766 392 298 644 76 273 631 222 561 885 913 476 537 428 709 118 95 198 100 x 910 58 252 673 344 122 509 194 689 574 802 391 852 796 378 85 767 907 374 541 651 515 158 103 715 6 276 347 858 24 294 125 40 744 162 50 275 159 599 897 370 323 445 790 47 782 686 798 754 130 776 54 733 37 760 708 189 491 348 591 665 44 356 800 188 731 64 607 23 461 451 60 241 
909 729 903 728 743 601 14 706 576 435 24 592 50 875 614 99 503 555 812 456 251 583 871 30 433 891 78 521 275 488 479 675 209 851 49 442 363 25 736 713 96 899 613 847 498 804 594 724 436 26 510 845 697 544 915 640 654 509 53 494 694 418 187 144 518 612 266 834 637 279 688 349 25 3 434 373 482 201 792 815 712 810 910 x 852 658 237 566 788 401 716 221 336 108 519 58 114 532 825 143 3 536 369 259 395 752 807 195 916 634 563 52 886 616 785 870 166 748 860 635 751 311 13 540 587 465 120 863 128 224 112 156 780 134 856 177 873 150 202 721 419 562 319 245 954 554 110 722 179 846 303 933 449 459 850 669 
57 123 51 124 109 251 866 146 276 417 828 260 802 23 238 753 349 297 40 396 601 269 19 822 419 39 774 331 577 364 373 177 643 1 803 410 489 877 116 139 756 47 239 5 354 48 258 128 416 826 342 7 155 308 63 212 198 343 799 358 158 434 665 708 334 240 586 18 215 573 164 503 827 855 418 479 370 651 60 37 140 42 58 852 x 194 615 286 64 451 136 631 516 744 333 794 738 320 27 709 849 316 483 593 457 100 45 657 64 218 289 800 34 236 67 18 686 104 8 217 101 541 839 312 265 387 732 11 724 628 740 696 72 718 4 675 21 702 650 131 433 290 533 607 102 298 742 130 673 6 549 81 403 393 2 183 
251 71 245 70 85 57 672 48 82 223 634 66 608 217 44 559 155 103 154 202 407 75 213 628 225 233 580 137 383 170 179 17 449 193 609 216 295 683 78 55 562 241 45 189 160 146 64 66 222 632 148 187 39 114 257 18 4 149 605 164 36 240 471 514 140 46 392 176 21 379 30 309 633 661 224 285 176 457 134 157 54 152 252 658 194 x 421 92 130 257 58 437 322 550 139 600 544 126 167 515 655 122 289 399 263 94 149 463 258 24 95 606 228 42 127 212 492 90 202 23 93 347 645 118 71 193 538 205 530 434 546 502 122 524 198 481 215 508 456 63 239 96 339 413 296 104 548 64 479 188 355 275 209 199 192 11 
672 492 666 491 506 364 251 469 339 198 213 355 187 638 377 138 266 318 575 219 14 346 634 207 196 654 159 284 38 251 242 438 28 614 188 205 126 262 499 476 141 662 376 610 261 567 357 487 199 211 273 608 460 307 678 403 417 272 184 257 457 181 50 93 281 375 29 597 400 42 451 112 212 240 197 136 245 36 555 578 475 573 673 237 615 421 x 329 551 164 479 16 99 129 282 179 123 295 588 94 234 299 132 22 158 515 570 42 679 397 326 185 649 379 548 633 71 511 623 398 514 74 224 303 350 228 117 626 109 13 125 81 543 103 619 60 636 87 35 484 182 325 82 8 717 317 127 485 58 609 66 696 212 222 613 432 
343 163 337 162 177 35 580 140 10 131 542 26 516 309 48 467 63 11 246 110 315 17 305 536 133 325 488 45 291 78 87 109 357 285 517 124 203 591 170 147 470 333 47 281 68 238 28 158 130 540 56 279 131 22 349 74 88 57 513 72 128 148 379 422 48 46 300 268 71 287 122 217 541 569 132 193 84 365 226 249 146 244 344 566 286 92 329 x 222 165 150 345 230 458 47 508 452 34 259 423 563 30 197 307 171 186 241 371 350 68 3 514 320 50 219 304 400 182 294 69 185 255 553 26 21 101 446 297 438 342 454 410 214 432 290 389 307 416 364 155 147 4 247 321 388 12 456 156 387 280 263 367 117 107 284 103 
121 59 115 60 45 187 802 82 212 353 764 196 738 87 174 689 285 233 24 332 537 205 83 758 355 103 710 267 513 300 309 113 579 63 739 346 425 813 52 75 692 111 175 59 290 16 194 64 352 762 278 57 91 244 127 148 134 279 735 294 94 370 601 644 270 176 522 46 151 509 100 439 763 791 354 415 306 587 4 27 76 22 122 788 64 130 551 222 x 387 72 567 452 680 269 730 674 256 37 645 785 252 419 529 393 36 19 593 128 154 225 736 98 172 3 82 622 40 72 153 37 477 775 248 201 323 668 75 660 564 676 632 8 654 68 611 85 638 586 67 369 226 469 543 166 234 678 66 609 58 485 145 339 329 62 119 
508 328 502 327 342 200 415 305 175 34 377 191 351 474 213 302 102 154 411 55 150 182 470 371 32 490 323 120 126 87 78 274 192 450 352 41 38 426 335 312 305 498 212 446 97 403 193 323 35 375 109 444 296 143 514 239 253 108 348 93 293 17 214 257 117 211 135 433 236 122 287 52 376 404 33 28 81 200 391 414 311 409 509 401 451 257 164 165 387 x 315 180 65 293 118 343 287 131 424 258 398 135 32 142 6 351 406 206 515 233 162 349 485 215 384 469 235 347 459 234 350 90 388 139 186 64 281 462 273 177 289 245 379 267 455 224 472 251 199 320 18 161 82 156 553 153 291 321 222 445 98 532 48 58 449 268 
193 13 187 12 27 115 730 10 140 281 692 124 666 159 102 617 213 161 96 260 465 133 155 686 283 175 638 195 441 228 237 41 507 135 667 274 353 741 20 3 620 183 103 131 218 88 122 8 280 690 206 129 19 172 199 76 62 207 663 222 22 298 529 572 198 104 450 118 79 437 28 367 691 719 282 343 234 515 76 99 4 94 194 716 136 58 479 150 72 315 x 495 380 608 197 658 602 184 109 573 713 180 347 457 321 36 91 521 200 82 153 664 170 100 69 154 550 32 144 81 35 405 703 176 129 251 596 147 588 492 604 560 64 582 140 539 157 566 514 5 297 154 397 471 238 162 606 6 537 130 413 217 267 257 134 47 
688 508 682 507 522 380 235 485 355 214 197 371 171 654 393 122 282 334 591 235 30 362 650 191 212 670 143 300 54 267 258 454 12 630 172 221 142 246 515 492 125 678 392 626 277 583 373 503 215 195 289 624 476 323 694 419 433 288 168 273 473 197 34 77 297 391 45 613 416 58 467 128 196 224 213 152 261 20 571 594 491 589 689 221 631 437 16 345 567 180 495 x 115 113 298 163 107 311 604 78 218 315 148 38 174 531 586 26 695 413 342 169 665 395 564 649 55 527 639 414 530 90 208 319 366 244 101 642 93 3 109 65 559 87 635 44 652 71 19 500 198 341 98 24 733 333 111 501 42 625 82 712 228 238 629 448 
573 393 567 392 407 265 350 370 240 99 312 256 286 539 278 237 167 219 476 120 85 247 535 306 97 555 258 185 61 152 143 339 127 515 287 106 27 361 400 377 240 563 277 511 162 468 258 388 100 310 174 509 361 208 579 304 318 173 283 158 358 82 149 192 182 276 70 498 301 57 352 13 311 339 98 37 146 135 456 479 376 474 574 336 516 322 99 230 452 65 380 115 x 228 183 278 222 196 489 193 333 200 33 77 59 416 471 141 580 298 227 284 550 280 449 534 170 412 524 299 415 25 323 204 251 129 216 527 208 112 224 180 444 202 520 159 537 186 134 385 83 226 17 91 618 218 226 386 157 510 33 597 113 123 514 333 
801 621 795 620 635 493 122 598 468 327 84 484 58 767 506 9 395 447 704 348 143 475 763 78 325 783 30 413 167 380 371 567 101 743 59 334 255 133 628 605 12 791 505 739 390 696 486 616 328 82 402 737 589 436 807 532 546 401 55 386 586 310 79 36 410 504 158 726 529 171 580 241 83 111 326 265 374 93 684 707 604 702 802 108 744 550 129 458 680 293 608 113 228 x 411 50 6 424 717 35 105 428 261 151 287 644 699 87 808 526 455 56 778 508 677 762 58 640 752 527 643 203 95 432 479 357 12 755 20 116 4 48 672 26 748 69 765 42 94 613 311 454 211 137 846 446 2 614 71 738 195 825 341 351 742 561 
390 210 384 209 224 82 533 187 57 84 495 73 469 356 95 420 16 36 293 63 268 64 352 489 86 372 441 2 244 31 40 156 310 332 470 77 156 544 217 194 423 380 94 328 21 285 75 205 83 493 9 326 178 25 396 121 135 10 466 25 175 101 332 375 1 93 253 315 118 240 169 170 494 522 85 146 37 318 273 296 193 291 391 519 333 139 282 47 269 118 197 298 183 411 x 461 405 13 306 376 516 17 150 260 124 233 288 324 397 115 44 467 367 97 266 351 353 229 341 116 232 208 506 21 68 54 399 344 391 295 407 363 261 385 337 342 354 369 317 202 100 43 200 274 435 35 409 203 340 327 216 414 70 60 331 150 
851 671 845 670 685 543 72 648 518 377 34 534 8 817 556 41 445 497 754 398 193 525 813 28 375 833 20 463 217 430 421 617 151 793 9 384 305 83 678 655 38 841 555 789 440 746 536 666 378 32 452 787 639 486 857 582 596 451 5 436 636 360 129 86 460 554 208 776 579 221 630 291 33 61 376 315 424 143 734 757 654 752 852 58 794 600 179 508 730 343 658 163 278 50 461 x 56 474 767 85 55 478 311 201 337 694 749 137 858 576 505 6 828 558 727 812 108 690 802 577 693 253 45 482 529 407 62 805 70 166 54 98 722 76 798 119 815 92 144 663 361 504 261 187 896 496 52 664 121 788 245 875 391 401 792 611 
795 615 789 614 629 487 128 592 462 321 90 478 64 761 500 15 389 441 698 342 137 469 757 84 319 777 36 407 161 374 365 561 95 737 65 328 249 139 622 599 18 785 499 733 384 690 480 610 322 88 396 731 583 430 801 526 540 395 61 380 580 304 73 30 404 498 152 720 523 165 574 235 89 117 320 259 368 87 678 701 598 696 796 114 738 544 123 452 674 287 602 107 222 6 405 56 x 418 711 29 111 422 255 145 281 638 693 81 802 520 449 62 772 502 671 756 52 634 746 521 637 197 101 426 473 351 6 749 14 110 2 42 666 20 742 63 759 36 88 607 305 448 205 131 840 440 4 608 65 732 189 819 335 345 736 555 
377 197 371 196 211 69 546 174 44 97 508 60 482 343 82 433 29 23 280 76 281 51 339 502 99 359 454 11 257 44 53 143 323 319 483 90 169 557 204 181 436 367 81 315 34 272 62 192 96 506 22 313 165 12 383 108 122 23 479 38 162 114 345 388 14 80 266 302 105 253 156 183 507 535 98 159 50 331 260 283 180 278 378 532 320 126 295 34 256 131 184 311 196 424 13 474 418 x 293 389 529 4 163 273 137 220 275 337 384 102 31 480 354 84 253 338 366 216 328 103 219 221 519 8 55 67 412 331 404 308 420 376 248 398 324 355 341 382 330 189 113 30 213 287 422 22 422 190 353 314 229 401 83 73 318 137 
84 96 78 97 82 224 839 119 249 390 801 233 775 50 211 726 322 270 13 369 574 242 46 795 392 66 747 304 550 337 346 150 616 26 776 383 462 850 89 112 729 74 212 22 327 21 231 101 389 799 315 20 128 281 90 185 171 316 772 331 131 407 638 681 307 213 559 9 188 546 137 476 800 828 391 452 343 624 33 10 113 15 85 825 27 167 588 259 37 424 109 604 489 717 306 767 711 293 x 682 822 289 456 566 430 73 18 630 91 191 262 773 61 209 40 45 659 77 35 190 74 514 812 285 238 360 705 38 697 601 713 669 45 691 31 648 48 675 623 104 406 263 506 580 129 271 715 103 646 21 522 108 376 366 25 156 
766 586 760 585 600 458 157 563 433 292 119 449 93 732 471 44 360 412 669 313 108 440 728 113 290 748 65 378 132 345 336 532 66 708 94 299 220 168 593 570 47 756 470 704 355 661 451 581 293 117 367 702 554 401 772 497 511 366 90 351 551 275 44 1 375 469 123 691 494 136 545 206 118 146 291 230 339 58 649 672 569 667 767 143 709 515 94 423 645 258 573 78 193 35 376 85 29 389 682 x 140 393 226 116 252 609 664 52 773 491 420 91 743 473 642 727 23 605 717 492 608 168 130 397 444 322 23 720 15 81 31 13 637 9 713 34 730 7 59 578 276 419 176 102 811 411 33 579 36 703 160 790 306 316 707 526 
906 726 900 725 740 598 17 703 573 432 21 589 47 872 611 96 500 552 809 453 248 580 868 27 430 888 75 518 272 485 476 672 206 848 46 439 360 28 733 710 93 896 610 844 495 801 591 721 433 23 507 842 694 541 912 637 651 506 50 491 691 415 184 141 515 609 263 831 634 276 685 346 22 6 431 370 479 198 789 812 709 807 907 3 849 655 234 563 785 398 713 218 333 105 516 55 111 529 822 140 x 533 366 256 392 749 804 192 913 631 560 49 883 613 782 867 163 745 857 632 748 308 10 537 584 462 117 860 125 221 109 153 777 131 853 174 870 147 199 718 416 559 316 242 951 551 107 719 176 843 300 930 446 456 847 666 
373 193 367 192 207 65 550 170 40 101 512 56 486 339 78 437 33 19 276 80 285 47 335 506 103 355 458 15 261 48 57 139 327 315 487 94 173 561 200 177 440 363 77 311 38 268 58 188 100 510 26 309 161 8 379 104 118 27 483 42 158 118 349 392 18 76 270 298 101 257 152 187 511 539 102 163 54 335 256 279 176 274 374 536 316 122 299 30 252 135 180 315 200 428 17 478 422 4 289 393 533 x 167 277 141 216 271 341 380 98 27 484 350 80 249 334 370 212 324 99 215 225 523 4 51 71 416 327 408 312 424 380 244 402 320 359 337 386 334 185 117 26 217 291 418 18 426 186 357 310 233 397 87 77 314 133 
540 360 534 359 374 232 383 337 207 66 345 223 319 506 245 270 134 186 443 87 118 214 502 339 64 522 291 152 94 119 110 306 160 482 320 73 6 394 367 344 273 530 244 478 129 435 225 355 67 343 141 476 328 175 546 271 285 140 316 125 325 49 182 225 149 243 103 465 268 90 319 20 344 372 65 4 113 168 423 446 343 441 541 369 483 289 132 197 419 32 347 148 33 261 150 311 255 163 456 226 366 167 x 110 26 383 438 174 547 265 194 317 517 247 416 501 203 379 491 266 382 58 356 171 218 96 249 494 241 145 257 213 411 235 487 192 504 219 167 352 50 193 50 124 585 185 259 353 190 477 66 564 80 90 481 300 
650 470 644 469 484 342 273 447 317 176 235 333 209 616 355 160 244 296 553 197 8 324 612 229 174 632 181 262 16 229 220 416 50 592 210 183 104 284 477 454 163 640 354 588 239 545 335 465 177 233 251 586 438 285 656 381 395 250 206 235 435 159 72 115 259 353 7 575 378 20 429 90 234 262 175 114 223 58 533 556 453 551 651 259 593 399 22 307 529 142 457 38 77 151 260 201 145 273 566 116 256 277 110 x 136 493 548 64 657 375 304 207 627 357 526 611 93 489 601 376 492 52 246 281 328 206 139 604 131 35 147 103 521 125 597 82 614 109 57 462 160 303 60 14 695 295 149 463 80 587 44 674 190 200 591 410 
514 334 508 333 348 206 409 311 181 40 371 197 345 480 219 296 108 160 417 61 144 188 476 365 38 496 317 126 120 93 84 280 186 456 346 47 32 420 341 318 299 504 218 452 103 409 199 329 41 369 115 450 302 149 520 245 259 114 342 99 299 23 208 251 123 217 129 439 242 116 293 46 370 398 39 22 87 194 397 420 317 415 515 395 457 263 158 171 393 6 321 174 59 287 124 337 281 137 430 252 392 141 26 136 x 357 412 200 521 239 168 343 491 221 390 475 229 353 465 240 356 84 382 145 192 70 275 468 267 171 283 239 385 261 461 218 478 245 193 326 24 167 76 150 559 159 285 327 216 451 92 538 54 64 455 274 
157 23 151 24 9 151 766 46 176 317 728 160 702 123 138 653 249 197 60 296 501 169 119 722 319 139 674 231 477 264 273 77 543 99 703 310 389 777 16 39 656 147 139 95 254 52 158 28 316 726 242 93 55 208 163 112 98 243 699 258 58 334 565 608 234 140 486 82 115 473 64 403 727 755 318 379 270 551 40 63 40 58 158 752 100 94 515 186 36 351 36 531 416 644 233 694 638 220 73 609 749 216 383 493 357 x 55 557 164 118 189 700 134 136 33 118 586 4 108 117 1 441 739 212 165 287 632 111 624 528 640 596 28 618 104 575 121 602 550 31 333 190 433 507 202 198 642 30 573 94 449 181 303 293 98 83 
102 78 96 79 64 206 821 101 231 372 783 215 757 68 193 708 304 252 5 351 556 224 64 777 374 84 729 286 532 319 328 132 598 44 758 365 444 832 71 94 711 92 194 40 309 3 213 83 371 781 297 38 110 263 108 167 153 298 754 313 113 389 620 663 289 195 541 27 170 528 119 458 782 810 373 434 325 606 15 8 95 3 103 807 45 149 570 241 19 406 91 586 471 699 288 749 693 275 18 664 804 271 438 548 412 55 x 612 109 173 244 755 79 191 22 63 641 59 53 172 56 496 794 267 220 342 687 56 679 583 695 651 27 673 49 630 66 657 605 86 388 245 488 562 147 253 697 85 628 39 504 126 358 348 43 138 
714 534 708 533 548 406 209 511 381 240 171 397 145 680 419 96 308 360 617 261 56 388 676 165 238 696 117 326 80 293 284 480 14 656 146 247 168 220 541 518 99 704 418 652 303 609 399 529 241 169 315 650 502 349 720 445 459 314 142 299 499 223 8 51 323 417 71 639 442 84 493 154 170 198 239 178 287 6 597 620 517 615 715 195 657 463 42 371 593 206 521 26 141 87 324 137 81 337 630 52 192 341 174 64 200 557 612 x 721 439 368 143 691 421 590 675 29 553 665 440 556 116 182 345 392 270 75 668 67 29 83 39 585 61 661 18 678 45 7 526 224 367 124 50 759 359 85 527 16 651 108 738 254 264 655 474 
7 187 13 188 173 315 930 210 340 481 892 324 866 41 302 817 413 361 104 460 665 333 45 886 483 25 838 395 641 428 437 241 707 65 867 474 553 941 180 203 820 17 303 69 418 112 322 192 480 890 406 71 219 372 1 276 262 407 863 422 222 498 729 772 398 304 650 82 279 637 228 567 891 919 482 543 434 715 124 101 204 106 6 916 64 258 679 350 128 515 200 695 580 808 397 858 802 384 91 773 913 380 547 657 521 164 109 721 x 282 353 864 30 300 131 46 750 168 56 281 165 605 903 376 329 451 796 53 788 692 804 760 136 782 60 739 43 766 714 195 497 354 597 671 38 362 806 194 737 70 613 17 467 457 66 247 
275 95 269 94 109 33 648 72 58 199 610 42 584 241 20 535 131 79 178 178 383 51 237 604 201 257 556 113 359 146 155 41 425 217 585 192 271 659 102 79 538 265 21 213 136 170 40 90 198 608 124 211 63 90 281 6 20 125 581 140 60 216 447 490 116 22 368 200 3 355 54 285 609 637 200 261 152 433 158 181 78 176 276 634 218 24 397 68 154 233 82 413 298 526 115 576 520 102 191 491 631 98 265 375 239 118 173 439 282 x 71 582 252 18 151 236 468 114 226 1 117 323 621 94 47 169 514 229 506 410 522 478 146 500 222 457 239 484 432 87 215 72 315 389 320 80 524 88 455 212 331 299 185 175 216 35 
346 166 340 165 180 38 577 143 13 128 539 29 513 312 51 464 60 8 249 107 312 20 308 533 130 328 485 42 288 75 84 112 354 288 514 121 200 588 173 150 467 336 50 284 65 241 31 161 127 537 53 282 134 19 352 77 91 54 510 69 131 145 376 419 45 49 297 271 74 284 125 214 538 566 129 190 81 362 229 252 149 247 347 563 289 95 326 3 225 162 153 342 227 455 44 505 449 31 262 420 560 27 194 304 168 189 244 368 353 71 x 511 323 53 222 307 397 185 297 72 188 252 550 23 24 98 443 300 435 339 451 407 217 429 293 386 310 413 361 158 144 1 244 318 391 9 453 159 384 283 260 370 114 104 287 106 
857 677 851 676 691 549 66 654 524 383 28 540 2 823 562 47 451 503 760 404 199 531 819 22 381 839 26 469 223 436 427 623 157 799 3 390 311 77 684 661 44 847 561 795 446 752 542 672 384 26 458 793 645 492 863 588 602 457 1 442 642 366 135 92 466 560 214 782 585 227 636 297 27 55 382 321 430 149 740 763 660 758 858 52 800 606 185 514 736 349 664 169 284 56 467 6 62 480 773 91 49 484 317 207 343 700 755 143 864 582 511 x 834 564 733 818 114 696 808 583 699 259 39 488 535 413 68 811 76 172 60 104 728 82 804 125 821 98 150 669 367 510 267 193 902 502 58 670 127 794 251 881 397 407 798 617 
23 157 17 158 143 285 900 180 310 451 862 294 836 11 272 787 383 331 74 430 635 303 15 856 453 5 808 365 611 398 407 211 677 35 837 444 523 911 150 173 790 13 273 39 388 82 292 162 450 860 376 41 189 342 29 246 232 377 833 392 192 468 699 742 368 274 620 52 249 607 198 537 861 889 452 513 404 685 94 71 174 76 24 886 34 228 649 320 98 485 170 665 550 778 367 828 772 354 61 743 883 350 517 627 491 134 79 691 30 252 323 834 x 270 101 16 720 138 26 251 135 575 873 346 299 421 766 23 758 662 774 730 106 752 30 709 13 736 684 165 467 324 567 641 68 332 776 164 707 40 583 47 437 427 36 217 
293 113 287 112 127 15 630 90 40 181 592 24 566 259 2 517 113 61 196 160 365 33 255 586 183 275 538 95 341 128 137 59 407 235 567 174 253 641 120 97 520 283 3 231 118 188 22 108 180 590 106 229 81 72 299 24 38 107 563 122 78 198 429 472 98 4 350 218 21 337 72 267 591 619 182 243 134 415 176 199 96 194 294 616 236 42 379 50 172 215 100 395 280 508 97 558 502 84 209 473 613 80 247 357 221 136 191 421 300 18 53 564 270 x 169 254 450 132 244 19 135 305 603 76 29 151 496 247 488 392 504 460 164 482 240 439 257 466 414 105 197 54 297 371 338 62 506 106 437 230 313 317 167 157 234 53 
124 56 118 57 42 184 799 79 209 350 761 193 735 90 171 686 282 230 27 329 534 202 86 755 352 106 707 264 510 297 306 110 576 66 736 343 422 810 49 72 689 114 172 62 287 19 191 61 349 759 275 60 88 241 130 145 131 276 732 291 91 367 598 641 267 173 519 49 148 506 97 436 760 788 351 412 303 584 7 30 73 25 125 785 67 127 548 219 3 384 69 564 449 677 266 727 671 253 40 642 782 249 416 526 390 33 22 590 131 151 222 733 101 169 x 85 619 37 75 150 34 474 772 245 198 320 665 78 657 561 673 629 5 651 71 608 88 635 583 64 366 223 466 540 169 231 675 63 606 61 482 148 336 326 65 116 
39 141 33 142 127 269 884 164 294 435 846 278 820 5 256 771 367 315 58 414 619 287 1 840 437 21 792 349 595 382 391 195 661 19 821 428 507 895 134 157 774 29 257 23 372 66 276 146 434 844 360 25 173 326 45 230 216 361 817 376 176 452 683 726 352 258 604 36 233 591 182 521 845 873 436 497 388 669 78 55 158 60 40 870 18 212 633 304 82 469 154 649 534 762 351 812 756 338 45 727 867 334 501 611 475 118 63 675 46 236 307 818 16 254 85 x 704 122 10 235 119 559 857 330 283 405 750 7 742 646 758 714 90 736 14 693 3 720 668 149 451 308 551 625 84 316 760 148 691 24 567 63 421 411 20 201 
743 563 737 562 577 435 180 540 410 269 142 426 116 709 448 67 337 389 646 290 85 417 705 136 267 725 88 355 109 322 313 509 43 685 117 276 197 191 570 547 70 733 447 681 332 638 428 558 270 140 344 679 531 378 749 474 488 343 113 328 528 252 21 22 352 446 100 668 471 113 522 183 141 169 268 207 316 35 626 649 546 644 744 166 686 492 71 400 622 235 550 55 170 58 353 108 52 366 659 23 163 370 203 93 229 586 641 29 750 468 397 114 720 450 619 704 x 582 694 469 585 145 153 374 421 299 46 697 38 58 54 10 614 32 690 11 707 16 36 555 253 396 153 79 788 388 56 556 13 680 137 767 283 293 684 503 
161 19 155 20 5 147 762 42 172 313 724 156 698 127 134 649 245 193 64 292 497 165 123 718 315 143 670 227 473 260 269 73 539 103 699 306 385 773 12 35 652 151 135 99 250 56 154 24 312 722 238 97 51 204 167 108 94 239 695 254 54 330 561 604 230 136 482 86 111 469 60 399 723 751 314 375 266 547 44 67 36 62 162 748 104 90 511 182 40 347 32 527 412 640 229 690 634 216 77 605 745 212 379 489 353 4 59 553 168 114 185 696 138 132 37 122 582 x 112 113 3 437 735 208 161 283 628 115 620 524 636 592 32 614 108 571 125 598 546 27 329 186 429 503 206 194 638 26 569 98 445 185 299 289 102 79 
49 131 43 132 117 259 874 154 284 425 836 268 810 15 246 761 357 305 48 404 609 277 11 830 427 31 782 339 585 372 381 185 651 9 811 418 497 885 124 147 764 39 247 13 362 56 266 136 424 834 350 15 163 316 55 220 206 351 807 366 166 442 673 716 342 248 594 26 223 581 172 511 835 863 426 487 378 659 68 45 148 50 50 860 8 202 623 294 72 459 144 639 524 752 341 802 746 328 35 717 857 324 491 601 465 108 53 665 56 226 297 808 26 244 75 10 694 112 x 225 109 549 847 320 273 395 740 3 732 636 748 704 80 726 4 683 13 710 658 139 441 298 541 615 94 306 750 138 681 14 557 73 411 401 10 191 
274 94 268 93 108 34 649 71 59 200 611 43 585 240 21 536 132 80 177 179 384 52 236 605 202 256 557 114 360 147 156 40 426 216 586 193 272 660 101 78 539 264 22 212 137 169 41 89 199 609 125 210 62 91 280 5 19 126 582 141 59 217 448 491 117 23 369 199 2 356 53 286 610 638 201 262 153 434 157 180 77 175 275 635 217 23 398 69 153 234 81 414 299 527 116 577 521 103 190 492 632 99 266 376 240 117 172 440 281 1 72 583 251 19 150 235 469 113 225 x 116 324 622 95 48 170 515 228 507 411 523 479 145 501 221 458 238 485 433 86 216 73 316 390 319 81 525 87 456 211 332 298 186 176 215 34 
158 22 152 23 8 150 765 45 175 316 727 159 701 124 137 652 248 196 61 295 500 168 120 721 318 140 673 230 476 263 272 76 542 100 702 309 388 776 15 38 655 148 138 96 253 53 157 27 315 725 241 94 54 207 164 111 97 242 698 257 57 333 564 607 233 139 485 83 114 472 63 402 726 754 317 378 269 550 41 64 39 59 159 751 101 93 514 185 37 350 35 530 415 643 232 693 637 219 74 608 748 215 382 492 356 1 56 556 165 117 188 699 135 135 34 119 585 3 109 116 x 440 738 211 164 286 631 112 623 527 639 595 29 617 105 574 122 601 549 30 332 189 432 506 203 197 641 29 572 95 448 182 302 292 99 82 
598 418 592 417 432 290 325 395 265 124 287 281 261 564 303 212 192 244 501 145 60 272 560 281 122 580 233 210 36 177 168 364 102 540 262 131 52 336 425 402 215 588 302 536 187 493 283 413 125 285 199 534 386 233 604 329 343 198 258 183 383 107 124 167 207 301 45 523 326 32 377 38 286 314 123 62 171 110 481 504 401 499 599 311 541 347 74 255 477 90 405 90 25 203 208 253 197 221 514 168 308 225 58 52 84 441 496 116 605 323 252 259 575 305 474 559 145 437 549 324 440 x 298 229 276 154 191 552 183 87 199 155 469 177 545 134 562 161 109 410 108 251 8 66 643 243 201 411 132 535 8 622 138 148 539 358 
896 716 890 715 730 588 27 693 563 422 11 579 37 862 601 86 490 542 799 443 238 570 858 17 420 878 65 508 262 475 466 662 196 838 36 429 350 38 723 700 83 886 600 834 485 791 581 711 423 13 497 832 684 531 902 627 641 496 40 481 681 405 174 131 505 599 253 821 624 266 675 336 12 16 421 360 469 188 779 802 699 797 897 13 839 645 224 553 775 388 703 208 323 95 506 45 101 519 812 130 10 523 356 246 382 739 794 182 903 621 550 39 873 603 772 857 153 735 847 622 738 298 x 527 574 452 107 850 115 211 99 143 767 121 843 164 860 137 189 708 406 549 306 232 941 541 97 709 166 833 290 920 436 446 837 656 
369 189 363 188 203 61 554 166 36 105 516 52 490 335 74 441 37 15 272 84 289 43 331 510 107 351 462 19 265 52 61 135 331 311 491 98 177 565 196 173 444 359 73 307 42 264 54 184 104 514 30 305 157 4 375 100 114 31 487 46 154 122 353 396 22 72 274 294 97 261 148 191 515 543 106 167 58 339 252 275 172 270 370 540 312 118 303 26 248 139 176 319 204 432 21 482 426 8 285 397 537 4 171 281 145 212 267 345 376 94 23 488 346 76 245 330 374 208 320 95 211 229 527 x 47 75 420 323 412 316 428 384 240 406 316 363 333 390 338 181 121 22 221 295 414 14 430 182 361 306 237 393 91 81 310 129 
322 142 316 141 156 14 601 119 11 152 563 5 537 288 27 488 84 32 225 131 336 4 284 557 154 304 509 66 312 99 108 88 378 264 538 145 224 612 149 126 491 312 26 260 89 217 7 137 151 561 77 258 110 43 328 53 67 78 534 93 107 169 400 443 69 25 321 247 50 308 101 238 562 590 153 214 105 386 205 228 125 223 323 587 265 71 350 21 201 186 129 366 251 479 68 529 473 55 238 444 584 51 218 328 192 165 220 392 329 47 24 535 299 29 198 283 421 161 273 48 164 276 574 47 x 122 467 276 459 363 475 431 193 453 269 410 286 437 385 134 168 25 268 342 367 33 477 135 408 259 284 346 138 128 263 82 
444 264 438 263 278 136 479 241 111 30 441 127 415 410 149 366 38 90 347 9 214 118 406 435 32 426 387 56 190 23 14 210 256 386 416 23 102 490 271 248 369 434 148 382 33 339 129 259 29 439 45 380 232 79 450 175 189 44 412 29 229 47 278 321 53 147 199 369 172 186 223 116 440 468 31 92 17 264 327 350 247 345 445 465 387 193 228 101 323 64 251 244 129 357 54 407 351 67 360 322 462 71 96 206 70 287 342 270 451 169 98 413 421 151 320 405 299 283 395 170 286 154 452 75 122 x 345 398 337 241 353 309 315 331 391 288 408 315 263 256 46 97 146 220 489 89 355 257 286 381 162 468 16 6 385 204 
789 609 783 608 623 481 134 586 456 315 96 472 70 755 494 21 383 435 692 336 131 463 751 90 313 771 42 401 155 368 359 555 89 731 71 322 243 145 616 593 24 779 493 727 378 684 474 604 316 94 390 725 577 424 795 520 534 389 67 374 574 298 67 24 398 492 146 714 517 159 568 229 95 123 314 253 362 81 672 695 592 690 790 120 732 538 117 446 668 281 596 101 216 12 399 62 6 412 705 23 117 416 249 139 275 632 687 75 796 514 443 68 766 496 665 750 46 628 740 515 631 191 107 420 467 345 x 743 8 104 8 36 660 14 736 57 753 30 82 601 299 442 199 125 834 434 10 602 59 726 183 813 329 339 730 549 
46 134 40 135 120 262 877 157 287 428 839 271 813 12 249 764 360 308 51 407 612 280 8 833 430 28 785 342 588 375 384 188 654 12 814 421 500 888 127 150 767 36 250 16 365 59 269 139 427 837 353 18 166 319 52 223 209 354 810 369 169 445 676 719 345 251 597 29 226 584 175 514 838 866 429 490 381 662 71 48 151 53 47 863 11 205 626 297 75 462 147 642 527 755 344 805 749 331 38 720 860 327 494 604 468 111 56 668 53 229 300 811 23 247 78 7 697 115 3 228 112 552 850 323 276 398 743 x 735 639 751 707 83 729 7 686 10 713 661 142 444 301 544 618 91 309 753 141 684 17 560 70 414 404 13 194 
781 601 775 600 615 473 142 578 448 307 104 464 78 747 486 29 375 427 684 328 123 455 743 98 305 763 50 393 147 360 351 547 81 723 79 314 235 153 608 585 32 771 485 719 370 676 466 596 308 102 382 717 569 416 787 512 526 381 75 366 566 290 59 16 390 484 138 706 509 151 560 221 103 131 306 245 354 73 664 687 584 682 782 128 724 530 109 438 660 273 588 93 208 20 391 70 14 404 697 15 125 408 241 131 267 624 679 67 788 506 435 76 758 488 657 742 38 620 732 507 623 183 115 412 459 337 8 735 x 96 16 28 652 6 728 49 745 22 74 593 291 434 191 117 826 426 18 594 51 718 175 805 321 331 722 541 
685 505 679 504 519 377 238 482 352 211 200 368 174 651 390 125 279 331 588 232 27 359 647 194 209 667 146 297 51 264 255 451 15 627 175 218 139 249 512 489 128 675 389 623 274 580 370 500 212 198 286 621 473 320 691 416 430 285 171 270 470 194 37 80 294 388 42 610 413 55 464 125 199 227 210 149 258 23 568 591 488 586 686 224 628 434 13 342 564 177 492 3 112 116 295 166 110 308 601 81 221 312 145 35 171 528 583 29 692 410 339 172 662 392 561 646 58 524 636 411 527 87 211 316 363 241 104 639 96 x 112 68 556 90 632 47 649 74 22 497 195 338 95 21 730 330 114 498 45 622 79 709 225 235 626 445 
797 617 791 616 631 489 126 594 464 323 88 480 62 763 502 13 391 443 700 344 139 471 759 82 321 779 34 409 163 376 367 563 97 739 63 330 251 137 624 601 16 787 501 735 386 692 482 612 324 86 398 733 585 432 803 528 542 397 59 382 582 306 75 32 406 500 154 722 525 167 576 237 87 115 322 261 370 89 680 703 600 698 798 112 740 546 125 454 676 289 604 109 224 4 407 54 2 420 713 31 109 424 257 147 283 640 695 83 804 522 451 60 774 504 673 758 54 636 748 523 639 199 99 428 475 353 8 751 16 112 x 44 668 22 744 65 761 38 90 609 307 450 207 133 842 442 2 610 67 734 191 821 337 347 738 557 
753 573 747 572 587 445 170 550 420 279 132 436 106 719 458 57 347 399 656 300 95 427 715 126 277 735 78 365 119 332 323 519 53 695 107 286 207 181 580 557 60 743 457 691 342 648 438 568 280 130 354 689 541 388 759 484 498 353 103 338 538 262 31 12 362 456 110 678 481 123 532 193 131 159 278 217 326 45 636 659 556 654 754 156 696 502 81 410 632 245 560 65 180 48 363 98 42 376 669 13 153 380 213 103 239 596 651 39 760 478 407 104 730 460 629 714 10 592 704 479 595 155 143 384 431 309 36 707 28 68 44 x 624 22 700 21 717 6 46 565 263 406 163 89 798 398 46 566 23 690 147 777 293 303 694 513 
129 51 123 52 37 179 794 74 204 345 756 188 730 95 166 681 277 225 32 324 529 197 91 750 347 111 702 259 505 292 301 105 571 71 731 338 417 805 44 67 684 119 167 67 282 24 186 56 344 754 270 65 83 236 135 140 126 271 727 286 86 362 593 636 262 168 514 54 143 501 92 431 755 783 346 407 298 579 12 35 68 30 130 780 72 122 543 214 8 379 64 559 444 672 261 722 666 248 45 637 777 244 411 521 385 28 27 585 136 146 217 728 106 164 5 90 614 32 80 145 29 469 767 240 193 315 660 83 652 556 668 624 x 646 76 603 93 630 578 59 361 218 461 535 174 226 670 58 601 66 477 153 331 321 70 111 
775 595 769 594 609 467 148 572 442 301 110 458 84 741 480 35 369 421 678 322 117 449 737 104 299 757 56 387 141 354 345 541 75 717 85 308 229 159 602 579 38 765 479 713 364 670 460 590 302 108 376 711 563 410 781 506 520 375 81 360 560 284 53 10 384 478 132 700 503 145 554 215 109 137 300 239 348 67 658 681 578 676 776 134 718 524 103 432 654 267 582 87 202 26 385 76 20 398 691 9 131 402 235 125 261 618 673 61 782 500 429 82 752 482 651 736 32 614 726 501 617 177 121 406 453 331 14 729 6 90 22 22 646 x 722 43 739 16 68 587 285 428 185 111 820 420 24 588 45 712 169 799 315 325 716 535 
53 127 47 128 113 255 870 150 280 421 832 264 806 19 242 757 353 301 44 400 605 273 15 826 423 35 778 335 581 368 377 181 647 5 807 414 493 881 120 143 760 43 243 9 358 52 262 132 420 830 346 11 159 312 59 216 202 347 803 362 162 438 669 712 338 244 590 22 219 577 168 507 831 859 422 483 374 655 64 41 144 46 54 856 4 198 619 290 68 455 140 635 520 748 337 798 742 324 31 713 853 320 487 597 461 104 49 661 60 222 293 804 30 240 71 14 690 108 4 221 105 545 843 316 269 391 736 7 728 632 744 700 76 722 x 679 17 706 654 135 437 294 537 611 98 302 746 134 677 10 553 77 407 397 6 187 
732 552 726 551 566 424 191 529 399 258 153 415 127 698 437 78 326 378 635 279 74 406 694 147 256 714 99 344 98 311 302 498 32 674 128 265 186 202 559 536 81 722 436 670 321 627 417 547 259 151 333 668 520 367 738 463 477 332 124 317 517 241 10 33 341 435 89 657 460 102 511 172 152 180 257 196 305 24 615 638 535 633 733 177 675 481 60 389 611 224 539 44 159 69 342 119 63 355 648 34 174 359 192 82 218 575 630 18 739 457 386 125 709 439 608 693 11 571 683 458 574 134 164 363 410 288 57 686 49 47 65 21 603 43 679 x 696 27 25 544 242 385 142 68 777 377 67 545 2 669 126 756 272 282 673 492 
36 144 30 145 130 272 887 167 297 438 849 281 823 2 259 774 370 318 61 417 622 290 2 843 440 18 795 352 598 385 394 198 664 22 824 431 510 898 137 160 777 26 260 26 375 69 279 149 437 847 363 28 176 329 42 233 219 364 820 379 179 455 686 729 355 261 607 39 236 594 185 524 848 876 439 500 391 672 81 58 161 63 37 873 21 215 636 307 85 472 157 652 537 765 354 815 759 341 48 730 870 337 504 614 478 121 66 678 43 239 310 821 13 257 88 3 707 125 13 238 122 562 860 333 286 408 753 10 745 649 761 717 93 739 17 696 x 723 671 152 454 311 554 628 81 319 763 151 694 27 570 60 424 414 23 204 
759 579 753 578 593 451 164 556 426 285 126 442 100 725 464 51 353 405 662 306 101 433 721 120 283 741 72 371 125 338 329 525 59 701 101 292 213 175 586 563 54 749 463 697 348 654 444 574 286 124 360 695 547 394 765 490 504 359 97 344 544 268 37 6 368 462 116 684 487 129 538 199 125 153 284 223 332 51 642 665 562 660 760 150 702 508 87 416 638 251 566 71 186 42 369 92 36 382 675 7 147 386 219 109 245 602 657 45 766 484 413 98 736 466 635 720 16 598 710 485 601 161 137 390 437 315 30 713 22 74 38 6 630 16 706 27 723 x 52 571 269 412 169 95 804 404 40 572 29 696 153 783 299 309 700 519 
707 527 701 526 541 399 216 504 374 233 178 390 152 673 412 103 301 353 610 254 49 381 669 172 231 689 124 319 73 286 277 473 7 649 153 240 161 227 534 511 106 697 411 645 296 602 392 522 234 176 308 643 495 342 713 438 452 307 149 292 492 216 15 58 316 410 64 632 435 77 486 147 177 205 232 171 280 1 590 613 510 608 708 202 650 456 35 364 586 199 514 19 134 94 317 144 88 330 623 59 199 334 167 57 193 550 605 7 714 432 361 150 684 414 583 668 36 546 658 433 549 109 189 338 385 263 82 661 74 22 90 46 578 68 654 25 671 52 x 519 217 360 117 43 752 352 92 520 23 644 101 731 247 257 648 467 
188 8 182 7 22 120 735 15 145 286 697 129 671 154 107 622 218 166 91 265 470 138 150 691 288 170 643 200 446 233 242 46 512 130 672 279 358 746 15 8 625 178 108 126 223 83 127 3 285 695 211 124 24 177 194 81 67 212 668 227 27 303 534 577 203 109 455 113 84 442 33 372 696 724 287 348 239 520 71 94 9 89 189 721 131 63 484 155 67 320 5 500 385 613 202 663 607 189 104 578 718 185 352 462 326 31 86 526 195 87 158 669 165 105 64 149 555 27 139 86 30 410 708 181 134 256 601 142 593 497 609 565 59 587 135 544 152 571 519 x 302 159 402 476 233 167 611 1 542 125 418 212 272 262 129 52 
490 310 484 309 324 182 433 287 157 16 395 173 369 456 195 320 84 136 393 37 168 164 452 389 14 472 341 102 144 69 60 256 210 432 370 23 56 444 317 294 323 480 194 428 79 385 175 305 17 393 91 426 278 125 496 221 235 90 366 75 275 1 232 275 99 193 153 415 218 140 269 70 394 422 15 46 63 218 373 396 293 391 491 419 433 239 182 147 369 18 297 198 83 311 100 361 305 113 406 276 416 117 50 160 24 333 388 224 497 215 144 367 467 197 366 451 253 329 441 216 332 108 406 121 168 46 299 444 291 195 307 263 361 285 437 242 454 269 217 302 x 143 100 174 535 135 309 303 240 427 116 514 30 40 431 250 
347 167 341 166 181 39 576 144 14 127 538 30 512 313 52 463 59 7 250 106 311 21 309 532 129 329 484 41 287 74 83 113 353 289 513 120 199 587 174 151 466 337 51 285 64 242 32 162 126 536 52 283 135 18 353 78 92 53 509 68 132 144 375 418 44 50 296 272 75 283 126 213 537 565 128 189 80 361 230 253 150 248 348 562 290 96 325 4 226 161 154 341 226 454 43 504 448 30 263 419 559 26 193 303 167 190 245 367 354 72 1 510 324 54 223 308 396 186 298 73 189 251 549 22 25 97 442 301 434 338 450 406 218 428 294 385 311 412 360 159 143 x 243 317 392 8 452 160 383 284 259 371 113 103 288 107 
590 410 584 409 424 282 333 387 257 116 295 273 269 556 295 220 184 236 493 137 68 264 552 289 114 572 241 202 44 169 160 356 110 532 270 123 44 344 417 394 223 580 294 528 179 485 275 405 117 293 191 526 378 225 596 321 335 190 266 175 375 99 132 175 199 293 53 515 318 40 369 30 294 322 115 54 163 118 473 496 393 491 591 319 533 339 82 247 469 82 397 98 17 211 200 261 205 213 506 176 316 217 50 60 76 433 488 124 597 315 244 267 567 297 466 551 153 429 541 316 432 8 306 221 268 146 199 544 191 95 207 163 461 185 537 142 554 169 117 402 100 243 x 74 635 235 209 403 140 527 16 614 130 140 531 350 
664 484 658 483 498 356 259 461 331 190 221 347 195 630 369 146 258 310 567 211 6 338 626 215 188 646 167 276 30 243 234 430 36 606 196 197 118 270 491 468 149 654 368 602 253 559 349 479 191 219 265 600 452 299 670 395 409 264 192 249 449 173 58 101 273 367 21 589 392 34 443 104 220 248 189 128 237 44 547 570 467 565 665 245 607 413 8 321 543 156 471 24 91 137 274 187 131 287 580 102 242 291 124 14 150 507 562 50 671 389 318 193 641 371 540 625 79 503 615 390 506 66 232 295 342 220 125 618 117 21 133 89 535 111 611 68 628 95 43 476 174 317 74 x 709 309 135 477 66 601 58 688 204 214 605 424 
45 225 51 226 211 353 968 248 378 519 930 362 904 79 340 855 451 399 142 498 703 371 83 924 521 63 876 433 679 466 475 279 745 103 905 512 591 979 218 241 858 55 341 107 456 150 360 230 518 928 444 109 257 410 39 314 300 445 901 460 260 536 767 810 436 342 688 120 317 675 266 605 929 957 520 581 472 753 162 139 242 144 44 954 102 296 717 388 166 553 238 733 618 846 435 896 840 422 129 811 951 418 585 695 559 202 147 759 38 320 391 902 68 338 169 84 788 206 94 319 203 643 941 414 367 489 834 91 826 730 842 798 174 820 98 777 81 804 752 233 535 392 635 709 x 400 844 232 775 108 651 21 505 495 104 285 
355 175 349 174 189 47 568 152 22 119 530 38 504 321 60 455 51 1 258 98 303 29 317 524 121 337 476 33 279 66 75 121 345 297 505 112 191 579 182 159 458 345 59 293 56 250 40 170 118 528 44 291 143 10 361 86 100 45 501 60 140 136 367 410 36 58 288 280 83 275 134 205 529 557 120 181 72 353 238 261 158 256 356 554 298 104 317 12 234 153 162 333 218 446 35 496 440 22 271 411 551 18 185 295 159 198 253 359 362 80 9 502 332 62 231 316 388 194 306 81 197 243 541 14 33 89 434 309 426 330 442 398 226 420 302 377 319 404 352 167 135 8 235 309 400 x 444 168 375 292 251 379 105 95 296 115 
799 619 793 618 633 491 124 596 466 325 86 482 60 765 504 11 393 445 702 346 141 473 761 80 323 781 32 411 165 378 369 565 99 741 61 332 253 135 626 603 14 789 503 737 388 694 484 614 326 84 400 735 587 434 805 530 544 399 57 384 584 308 77 34 408 502 156 724 527 169 578 239 85 113 324 263 372 91 682 705 602 700 800 110 742 548 127 456 678 291 606 111 226 2 409 52 4 422 715 33 107 426 259 149 285 642 697 85 806 524 453 58 776 506 675 760 56 638 750 525 641 201 97 430 477 355 10 753 18 114 2 46 670 24 746 67 763 40 92 611 309 452 209 135 844 444 x 612 69 736 193 823 339 349 740 559 
187 7 181 6 21 121 736 16 146 287 698 130 672 153 108 623 219 167 90 266 471 139 149 692 289 169 644 201 447 234 243 47 513 129 673 280 359 747 14 9 626 177 109 125 224 82 128 2 286 696 212 123 25 178 193 82 68 213 669 228 28 304 535 578 204 110 456 112 85 443 34 373 697 725 288 349 240 521 70 93 10 88 188 722 130 64 485 156 66 321 6 501 386 614 203 664 608 190 103 579 719 186 353 463 327 30 85 527 194 88 159 670 164 106 63 148 556 26 138 87 29 411 709 182 135 257 602 141 594 498 610 566 58 588 134 545 151 572 520 1 303 160 403 477 232 168 612 x 543 124 419 211 273 263 128 53 
730 550 724 549 564 422 193 527 397 256 155 413 129 696 435 80 324 376 633 277 72 404 692 149 254 712 101 342 96 309 300 496 30 672 130 263 184 204 557 534 83 720 434 668 319 625 415 545 257 153 331 666 518 365 736 461 475 330 126 315 515 239 8 35 339 433 87 655 458 100 509 170 154 182 255 194 303 22 613 636 533 631 731 179 673 479 58 387 609 222 537 42 157 71 340 121 65 353 646 36 176 357 190 80 216 573 628 16 737 455 384 127 707 437 606 691 13 569 681 456 572 132 166 361 408 286 59 684 51 45 67 23 601 45 677 2 694 29 23 542 240 383 140 66 775 375 69 543 x 667 124 754 270 280 671 490 
63 117 57 118 103 245 860 140 270 411 822 254 796 29 232 747 343 291 34 390 595 263 25 816 413 45 768 325 571 358 367 171 637 5 797 404 483 871 110 133 750 53 233 1 348 42 252 122 410 820 336 1 149 302 69 206 192 337 793 352 152 428 659 702 328 234 580 12 209 567 158 497 821 849 412 473 364 645 54 31 134 36 64 846 6 188 609 280 58 445 130 625 510 738 327 788 732 314 21 703 843 310 477 587 451 94 39 651 70 212 283 794 40 230 61 24 680 98 14 211 95 535 833 306 259 381 726 17 718 622 734 690 66 712 10 669 27 696 644 125 427 284 527 601 108 292 736 124 667 x 543 87 397 387 4 177 
606 426 600 425 440 298 317 403 273 132 279 289 253 572 311 204 200 252 509 153 52 280 568 273 130 588 225 218 28 185 176 372 94 548 254 139 60 328 433 410 207 596 310 544 195 501 291 421 133 277 207 542 394 241 612 337 351 206 250 191 391 115 116 159 215 309 37 531 334 24 385 46 278 306 131 70 179 102 489 512 409 507 607 303 549 355 66 263 485 98 413 82 33 195 216 245 189 229 522 160 300 233 66 44 92 449 504 108 613 331 260 251 583 313 482 567 137 445 557 332 448 8 290 237 284 162 183 560 175 79 191 147 477 169 553 126 570 153 101 418 116 259 16 58 651 251 193 419 124 543 x 630 146 156 547 366 
24 204 30 205 190 332 947 227 357 498 909 341 883 58 319 834 430 378 121 477 682 350 62 903 500 42 855 412 658 445 454 258 724 82 884 491 570 958 197 220 837 34 320 86 435 129 339 209 497 907 423 88 236 389 18 293 279 424 880 439 239 515 746 789 415 321 667 99 296 654 245 584 908 936 499 560 451 732 141 118 221 123 23 933 81 275 696 367 145 532 217 712 597 825 414 875 819 401 108 790 930 397 564 674 538 181 126 738 17 299 370 881 47 317 148 63 767 185 73 298 182 622 920 393 346 468 813 70 805 709 821 777 153 799 77 756 60 783 731 212 514 371 614 688 21 379 823 211 754 87 630 x 484 474 83 264 
460 280 454 279 294 152 463 257 127 14 425 143 399 426 165 350 54 106 363 7 198 134 422 419 16 442 371 72 174 39 30 226 240 402 400 7 86 474 287 264 353 450 164 398 49 355 145 275 13 423 61 396 248 95 466 191 205 60 396 45 245 31 262 305 69 163 183 385 188 170 239 100 424 452 15 76 33 248 343 366 263 361 461 449 403 209 212 117 339 48 267 228 113 341 70 391 335 83 376 306 446 87 80 190 54 303 358 254 467 185 114 397 437 167 336 421 283 299 411 186 302 138 436 91 138 16 329 414 321 225 337 293 331 315 407 272 424 299 247 272 30 113 130 204 505 105 339 273 270 397 146 484 x 10 401 220 
450 270 444 269 284 142 473 247 117 24 435 133 409 416 155 360 44 96 353 3 208 124 412 429 26 432 381 62 184 29 20 216 250 392 410 17 96 484 277 254 363 440 154 388 39 345 135 265 23 433 51 386 238 85 456 181 195 50 406 35 235 41 272 315 59 153 193 375 178 180 229 110 434 462 25 86 23 258 333 356 253 351 451 459 393 199 222 107 329 58 257 238 123 351 60 401 345 73 366 316 456 77 90 200 64 293 348 264 457 175 104 407 427 157 326 411 293 289 401 176 292 148 446 81 128 6 339 404 331 235 347 303 321 325 397 282 414 309 257 262 40 103 140 214 495 95 349 263 280 387 156 474 10 x 391 210 
59 121 53 122 107 249 864 144 274 415 826 258 800 25 236 751 347 295 38 394 599 267 21 820 417 41 772 329 575 362 371 175 641 1 801 408 487 875 114 137 754 49 237 3 352 46 256 126 414 824 340 5 153 306 65 210 196 341 797 356 156 432 663 706 332 238 584 16 213 571 162 501 825 853 416 477 368 649 58 35 138 40 60 850 2 192 613 284 62 449 134 629 514 742 331 792 736 318 25 707 847 314 481 591 455 98 43 655 66 216 287 798 36 234 65 20 684 102 10 215 99 539 837 310 263 385 730 13 722 626 738 694 70 716 6 673 23 700 648 129 431 288 531 605 104 296 740 128 671 4 547 83 401 391 x 181 
240 60 234 59 74 68 683 37 93 234 645 77 619 206 55 570 166 114 143 213 418 86 202 639 236 222 591 148 394 181 190 6 460 182 620 227 306 694 67 44 573 230 56 178 171 135 75 55 233 643 159 176 28 125 246 29 15 160 616 175 25 251 482 525 151 57 403 165 32 390 19 320 644 672 235 296 187 468 123 146 43 141 241 669 183 11 432 103 119 268 47 448 333 561 150 611 555 137 156 526 666 133 300 410 274 83 138 474 247 35 106 617 217 53 116 201 503 79 191 34 82 358 656 129 82 204 549 194 541 445 557 513 111 535 187 492 204 519 467 52 250 107 350 424 285 115 559 53 490 177 366 264 220 210 181 x 
