16
7
location0 location1 location2 location3 location4 location5 location6 location7 location8 location9 location10 location11 location12 location13 location14 location15 
location3 location7 location9 location10 location11 location12 location15 
location0
x 511 294 362 101 179 669 269 204 602 748 59 726 704 791 160 
511 x 217 149 410 332 158 242 307 91 237 570 215 193 280 351 
294 217 x 68 193 115 375 25 90 308 454 353 432 410 497 134 
362 149 68 x 261 183 307 93 158 240 386 421 364 342 429 202 
101 410 193 261 x 78 568 168 103 501 647 160 625 603 690 59 
179 332 115 183 78 x 490 90 25 423 569 238 547 525 612 19 
669 158 375 307 568 490 x 400 465 67 79 728 57 35 122 509 
269 242 25 93 168 90 400 x 65 333 479 328 457 435 522 109 
204 307 90 158 103 25 465 65 x 398 544 263 522 500 587 44 
602 91 308 240 501 423 67 333 398 x 146 661 124 102 189 442 
748 237 454 386 647 569 79 479 544 146 x 807 22 44 43 588 
59 570 353 421 160 238 728 328 263 661 807 x 785 763 850 219 
726 215 432 364 625 547 57 457 522 124 22 785 x 22 65 566 
704 193 410 342 603 525 35 435 500 102 44 763 22 x 87 544 
791 280 497 429 690 612 122 522 587 189 43 850 65 87 x 631 
160 351 134 202 59 19 509 109 44 442 588 219 566 544 631 x 
