63
18
location0 location1 location2 location3 location4 location5 location6 location7 location8 location9 location10 location11 location12 location13 location14 location15 location16 location17 location18 location19 location20 location21 location22 location23 location24 location25 location26 location27 location28 location29 location30 location31 location32 location33 location34 location35 location36 location37 location38 location39 location40 location41 location42 location43 location44 location45 location46 location47 location48 location49 location50 location51 location52 location53 location54 location55 location56 location57 location58 location59 location60 location61 location62 
location3 location6 location9 location12 location20 location25 location26 location29 location30 location32 location33 location43 location45 location47 location49 location51 location54 location58 
location7
x 328 265 219 426 339 240 383 133 48 292 42 403 384 388 333 308 75 73 380 540 353 151 160 233 467 466 345 249 94 287 381 84 31 131 385 181 306 183 282 272 383 74 258 103 436 530 409 314 420 21 115 54 479 311 20 115 460 5 87 93 303 427 
328 x 593 547 754 667 568 711 461 280 620 286 75 712 60 661 20 253 255 708 212 681 177 168 95 139 138 17 577 422 41 53 244 297 197 57 147 22 511 610 600 55 402 70 225 108 202 81 14 748 307 213 382 151 639 348 443 132 323 415 235 25 755 
265 593 x 46 161 74 25 118 132 313 27 307 668 119 653 68 573 340 338 115 805 88 416 425 498 732 731 610 16 171 552 646 349 296 396 650 446 571 82 17 7 648 191 523 368 701 795 674 579 155 286 380 211 744 46 245 150 725 270 178 358 568 162 
219 547 46 x 207 120 21 164 86 267 73 261 622 165 607 114 527 294 292 161 759 134 370 379 452 686 685 564 30 125 506 600 303 250 350 604 400 525 36 63 53 602 145 477 322 655 749 628 533 201 240 334 165 698 92 199 104 679 224 132 312 522 208 
426 754 161 207 x 87 186 43 293 474 134 468 829 42 814 93 734 501 499 46 966 73 577 586 659 893 892 771 177 332 713 807 510 457 557 811 607 732 243 144 154 809 352 684 529 862 956 835 740 6 447 541 372 905 115 406 311 886 431 339 519 729 1 
339 667 74 120 87 x 99 44 206 387 47 381 742 45 727 6 647 414 412 41 879 14 490 499 572 806 805 684 90 245 626 720 423 370 470 724 520 645 156 57 67 722 265 597 442 775 869 748 653 81 360 454 285 818 28 319 224 799 344 252 432 642 88 
240 568 25 21 186 99 x 143 107 288 52 282 643 144 628 93 548 315 313 140 780 113 391 400 473 707 706 585 9 146 527 621 324 271 371 625 421 546 57 42 32 623 166 498 343 676 770 649 554 180 261 355 186 719 71 220 125 700 245 153 333 543 187 
383 711 118 164 43 44 143 x 250 431 91 425 786 1 771 50 691 458 456 3 923 30 534 543 616 850 849 728 134 289 670 764 467 414 514 768 564 689 200 101 111 766 309 641 486 819 913 792 697 37 404 498 329 862 72 363 268 843 388 296 476 686 44 
133 461 132 86 293 206 107 250 x 181 159 175 536 251 521 200 441 208 206 247 673 220 284 293 366 600 599 478 116 39 420 514 217 164 264 518 314 439 50 149 139 516 59 391 236 569 663 542 447 287 154 248 79 612 178 113 18 593 138 46 226 436 294 
48 280 313 267 474 387 288 431 181 x 340 6 355 432 340 381 260 27 25 428 492 401 103 112 185 419 418 297 297 142 239 333 36 17 83 337 133 258 231 330 320 335 122 210 55 388 482 361 266 468 27 67 102 431 359 68 163 412 43 135 45 255 475 
292 620 27 73 134 47 52 91 159 340 x 334 695 92 680 41 600 367 365 88 832 61 443 452 525 759 758 637 43 198 579 673 376 323 423 677 473 598 109 10 20 675 218 550 395 728 822 701 606 128 313 407 238 771 19 272 177 752 297 205 385 595 135 
42 286 307 261 468 381 282 425 175 6 334 x 361 426 346 375 266 33 31 422 498 395 109 118 191 425 424 303 291 136 245 339 42 11 89 343 139 264 225 324 314 341 116 216 61 394 488 367 272 462 21 73 96 437 353 62 157 418 37 129 51 261 469 
403 75 668 622 829 742 643 786 536 355 695 361 x 787 15 736 95 328 330 783 137 756 252 243 170 64 63 58 652 497 116 22 319 372 272 18 222 97 586 685 675 20 477 145 300 33 127 6 89 823 382 288 457 76 714 423 518 57 398 490 310 100 830 
384 712 119 165 42 45 144 1 251 432 92 426 787 x 772 51 692 459 457 4 924 31 535 544 617 851 850 729 135 290 671 765 468 415 515 769 565 690 201 102 112 767 310 642 487 820 914 793 698 36 405 499 330 863 73 364 269 844 389 297 477 687 43 
388 60 653 607 814 727 628 771 521 340 680 346 15 772 x 721 80 313 315 768 152 741 237 228 155 79 78 43 637 482 101 7 304 357 257 3 207 82 571 670 660 5 462 130 285 48 142 21 74 808 367 273 442 91 699 408 503 72 383 475 295 85 815 
333 661 68 114 93 6 93 50 200 381 41 375 736 51 721 x 641 408 406 47 873 20 484 493 566 800 799 678 84 239 620 714 417 364 464 718 514 639 150 51 61 716 259 591 436 769 863 742 647 87 354 448 279 812 22 313 218 793 338 246 426 636 94 
308 20 573 527 734 647 548 691 441 260 600 266 95 692 80 641 x 233 235 688 232 661 157 148 75 159 158 37 557 402 21 73 224 277 177 77 127 2 491 590 580 75 382 50 205 128 222 101 6 728 287 193 362 171 619 328 423 152 303 395 215 5 735 
75 253 340 294 501 414 315 458 208 27 367 33 328 459 313 408 233 x 2 455 465 428 76 85 158 392 391 270 324 169 212 306 9 44 56 310 106 231 258 357 347 308 149 183 28 361 455 334 239 495 54 40 129 404 386 95 190 385 70 162 18 228 502 
73 255 338 292 499 412 313 456 206 25 365 31 330 457 315 406 235 2 x 453 467 426 78 87 160 394 393 272 322 167 214 308 11 42 58 312 108 233 256 355 345 310 147 185 30 363 457 336 241 493 52 42 127 406 384 93 188 387 68 160 20 230 500 
380 708 115 161 46 41 140 3 247 428 88 422 783 4 768 47 688 455 453 x 920 27 531 540 613 847 846 725 131 286 667 761 464 411 511 765 561 686 197 98 108 763 306 638 483 816 910 789 694 40 401 495 326 859 69 360 265 840 385 293 473 683 47 
540 212 805 759 966 879 780 923 673 492 832 498 137 924 152 873 232 465 467 920 x 893 389 380 307 73 74 195 789 634 253 159 456 509 409 155 359 234 723 822 812 157 614 282 437 104 10 131 226 960 519 425 594 61 851 560 655 80 535 627 447 237 967 
353 681 88 134 73 14 113 30 220 401 61 395 756 31 741 20 661 428 426 27 893 x 504 513 586 820 819 698 104 259 640 734 437 384 484 738 534 659 170 71 81 736 279 611 456 789 883 762 667 67 374 468 299 832 42 333 238 813 358 266 446 656 74 
151 177 416 370 577 490 391 534 284 103 443 109 252 535 237 484 157 76 78 531 389 504 x 9 82 316 315 194 400 245 136 230 67 120 20 234 30 155 334 433 423 232 225 107 48 285 379 258 163 571 130 36 205 328 462 171 266 309 146 238 58 152 578 
160 168 425 379 586 499 400 543 293 112 452 118 243 544 228 493 148 85 87 540 380 513 9 x 73 307 306 185 409 254 127 221 76 129 29 225 21 146 343 442 432 223 234 98 57 276 370 249 154 580 139 45 214 319 471 180 275 300 155 247 67 143 587 
233 95 498 452 659 572 473 616 366 185 525 191 170 617 155 566 75 158 160 613 307 586 82 73 x 234 233 112 482 327 54 148 149 202 102 152 52 73 416 515 505 150 307 25 130 203 297 176 81 653 212 118 287 246 544 253 348 227 228 320 140 70 660 
467 139 732 686 893 806 707 850 600 419 759 425 64 851 79 800 159 392 394 847 73 820 316 307 234 x 1 122 716 561 180 86 383 436 336 82 286 161 650 749 739 84 541 209 364 31 63 58 153 887 446 352 521 12 778 487 582 7 462 554 374 164 894 
466 138 731 685 892 805 706 849 599 418 758 424 63 850 78 799 158 391 393 846 74 819 315 306 233 1 x 121 715 560 179 85 382 435 335 81 285 160 649 748 738 83 540 208 363 30 64 57 152 886 445 351 520 13 777 486 581 6 461 553 373 163 893 
345 17 610 564 771 684 585 728 478 297 637 303 58 729 43 678 37 270 272 725 195 698 194 185 112 122 121 x 594 439 58 36 261 314 214 40 164 39 528 627 617 38 419 87 242 91 185 64 31 765 324 230 399 134 656 365 460 115 340 432 252 42 772 
249 577 16 30 177 90 9 134 116 297 43 291 652 135 637 84 557 324 322 131 789 104 400 409 482 716 715 594 x 155 536 630 333 280 380 634 430 555 66 33 23 632 175 507 352 685 779 658 563 171 270 364 195 728 62 229 134 709 254 162 342 552 178 
94 422 171 125 332 245 146 289 39 142 198 136 497 290 482 239 402 169 167 286 634 259 245 254 327 561 560 439 155 x 381 475 178 125 225 479 275 400 89 188 178 477 20 352 197 530 624 503 408 326 115 209 40 573 217 74 21 554 99 7 187 397 333 
287 41 552 506 713 626 527 670 420 239 579 245 116 671 101 620 21 212 214 667 253 640 136 127 54 180 179 58 536 381 x 94 203 256 156 98 106 19 470 569 559 96 361 29 184 149 243 122 27 707 266 172 341 192 598 307 402 173 282 374 194 16 714 
381 53 646 600 807 720 621 764 514 333 673 339 22 765 7 714 73 306 308 761 159 734 230 221 148 86 85 36 630 475 94 x 297 350 250 4 200 75 564 663 653 2 455 123 278 55 149 28 67 801 360 266 435 98 692 401 496 79 376 468 288 78 808 
84 244 349 303 510 423 324 467 217 36 376 42 319 468 304 417 224 9 11 464 456 437 67 76 149 383 382 261 333 178 203 297 x 53 47 301 97 222 267 366 356 299 158 174 19 352 446 325 230 504 63 31 138 395 395 104 199 376 79 171 9 219 511 
31 297 296 250 457 370 271 414 164 17 323 11 372 415 357 364 277 44 42 411 509 384 120 129 202 436 435 314 280 125 256 350 53 x 100 354 150 275 214 313 303 352 105 227 72 405 499 378 283 451 10 84 85 448 342 51 146 429 26 118 62 272 458 
131 197 396 350 557 470 371 514 264 83 423 89 272 515 257 464 177 56 58 511 409 484 20 29 102 336 335 214 380 225 156 250 47 100 x 254 50 175 314 413 403 252 205 127 28 305 399 278 183 551 110 16 185 348 442 151 246 329 126 218 38 172 558 
385 57 650 604 811 724 625 768 518 337 677 343 18 769 3 718 77 310 312 765 155 738 234 225 152 82 81 40 634 479 98 4 301 354 254 x 204 79 568 667 657 2 459 127 282 51 145 24 71 805 364 270 439 94 696 405 500 75 380 472 292 82 812 
181 147 446 400 607 520 421 564 314 133 473 139 222 565 207 514 127 106 108 561 359 534 30 21 52 286 285 164 430 275 106 200 97 150 50 204 x 125 364 463 453 202 255 77 78 255 349 228 133 601 160 66 235 298 492 201 296 279 176 268 88 122 608 
306 22 571 525 732 645 546 689 439 258 598 264 97 690 82 639 2 231 233 686 234 659 155 146 73 161 160 39 555 400 19 75 222 275 175 79 125 x 489 588 578 77 380 48 203 130 224 103 8 726 285 191 360 173 617 326 421 154 301 393 213 3 733 
183 511 82 36 243 156 57 200 50 231 109 225 586 201 571 150 491 258 256 197 723 170 334 343 416 650 649 528 66 89 470 564 267 214 314 568 364 489 x 99 89 566 109 441 286 619 713 592 497 237 204 298 129 662 128 163 68 643 188 96 276 486 244 
282 610 17 63 144 57 42 101 149 330 10 324 685 102 670 51 590 357 355 98 822 71 433 442 515 749 748 627 33 188 569 663 366 313 413 667 463 588 99 x 10 665 208 540 385 718 812 691 596 138 303 397 228 761 29 262 167 742 287 195 375 585 145 
272 600 7 53 154 67 32 111 139 320 20 314 675 112 660 61 580 347 345 108 812 81 423 432 505 739 738 617 23 178 559 653 356 303 403 657 453 578 89 10 x 655 198 530 375 708 802 681 586 148 293 387 218 751 39 252 157 732 277 185 365 575 155 
383 55 648 602 809 722 623 766 516 335 675 341 20 767 5 716 75 308 310 763 157 736 232 223 150 84 83 38 632 477 96 2 299 352 252 2 202 77 566 665 655 x 457 125 280 53 147 26 69 803 362 268 437 96 694 403 498 77 378 470 290 80 810 
74 402 191 145 352 265 166 309 59 122 218 116 477 310 462 259 382 149 147 306 614 279 225 234 307 541 540 419 175 20 361 455 158 105 205 459 255 380 109 208 198 457 x 332 177 510 604 483 388 346 95 189 20 553 237 54 41 534 79 13 167 377 353 
258 70 523 477 684 597 498 641 391 210 550 216 145 642 130 591 50 183 185 638 282 611 107 98 25 209 208 87 507 352 29 123 174 227 127 127 77 48 441 540 530 125 332 x 155 178 272 151 56 678 237 143 312 221 569 278 373 202 253 345 165 45 685 
103 225 368 322 529 442 343 486 236 55 395 61 300 487 285 436 205 28 30 483 437 456 48 57 130 364 363 242 352 197 184 278 19 72 28 282 78 203 286 385 375 280 177 155 x 333 427 306 211 523 82 12 157 376 414 123 218 357 98 190 10 200 530 
436 108 701 655 862 775 676 819 569 388 728 394 33 820 48 769 128 361 363 816 104 789 285 276 203 31 30 91 685 530 149 55 352 405 305 51 255 130 619 718 708 53 510 178 333 x 94 27 122 856 415 321 490 43 747 456 551 24 431 523 343 133 863 
530 202 795 749 956 869 770 913 663 482 822 488 127 914 142 863 222 455 457 910 10 883 379 370 297 63 64 185 779 624 243 149 446 499 399 145 349 224 713 812 802 147 604 272 427 94 x 121 216 950 509 415 584 51 841 550 645 70 525 617 437 227 957 
409 81 674 628 835 748 649 792 542 361 701 367 6 793 21 742 101 334 336 789 131 762 258 249 176 58 57 64 658 503 122 28 325 378 278 24 228 103 592 691 681 26 483 151 306 27 121 x 95 829 388 294 463 70 720 429 524 51 404 496 316 106 836 
314 14 579 533 740 653 554 697 447 266 606 272 89 698 74 647 6 239 241 694 226 667 163 154 81 153 152 31 563 408 27 67 230 283 183 71 133 8 497 596 586 69 388 56 211 122 216 95 x 734 293 199 368 165 625 334 429 146 309 401 221 11 741 
420 748 155 201 6 81 180 37 287 468 128 462 823 36 808 87 728 495 493 40 960 67 571 580 653 887 886 765 171 326 707 801 504 451 551 805 601 726 237 138 148 803 346 678 523 856 950 829 734 x 441 535 366 899 109 400 305 880 425 333 513 723 7 
21 307 286 240 447 360 261 404 154 27 313 21 382 405 367 354 287 54 52 401 519 374 130 139 212 446 445 324 270 115 266 360 63 10 110 364 160 285 204 303 293 362 95 237 82 415 509 388 293 441 x 94 75 458 332 41 136 439 16 108 72 282 448 
115 213 380 334 541 454 355 498 248 67 407 73 288 499 273 448 193 40 42 495 425 468 36 45 118 352 351 230 364 209 172 266 31 84 16 270 66 191 298 397 387 268 189 143 12 321 415 294 199 535 94 x 169 364 426 135 230 345 110 202 22 188 542 
54 382 211 165 372 285 186 329 79 102 238 96 457 330 442 279 362 129 127 326 594 299 205 214 287 521 520 399 195 40 341 435 138 85 185 439 235 360 129 228 218 437 20 312 157 490 584 463 368 366 75 169 x 533 257 34 61 514 59 33 147 357 373 
479 151 744 698 905 818 719 862 612 431 771 437 76 863 91 812 171 404 406 859 61 832 328 319 246 12 13 134 728 573 192 98 395 448 348 94 298 173 662 761 751 96 553 221 376 43 51 70 165 899 458 364 533 x 790 499 594 19 474 566 386 176 906 
311 639 46 92 115 28 71 72 178 359 19 353 714 73 699 22 619 386 384 69 851 42 462 471 544 778 777 656 62 217 598 692 395 342 442 696 492 617 128 29 39 694 237 569 414 747 841 720 625 109 332 426 257 790 x 291 196 771 316 224 404 614 116 
20 348 245 199 406 319 220 363 113 68 272 62 423 364 408 313 328 95 93 360 560 333 171 180 253 487 486 365 229 74 307 401 104 51 151 405 201 326 163 262 252 403 54 278 123 456 550 429 334 400 41 135 34 499 291 x 95 480 25 67 113 323 407 
115 443 150 104 311 224 125 268 18 163 177 157 518 269 503 218 423 190 188 265 655 238 266 275 348 582 581 460 134 21 402 496 199 146 246 500 296 421 68 167 157 498 41 373 218 551 645 524 429 305 136 230 61 594 196 95 x 575 120 28 208 418 312 
460 132 725 679 886 799 700 843 593 412 752 418 57 844 72 793 152 385 387 840 80 813 309 300 227 7 6 115 709 554 173 79 376 429 329 75 279 154 643 742 732 77 534 202 357 24 70 51 146 880 439 345 514 19 771 480 575 x 455 547 367 157 887 
5 323 270 224 431 344 245 388 138 43 297 37 398 389 383 338 303 70 68 385 535 358 146 155 228 462 461 340 254 99 282 376 79 26 126 380 176 301 188 287 277 378 79 253 98 431 525 404 309 425 16 110 59 474 316 25 120 455 x 92 88 298 432 
87 415 178 132 339 252 153 296 46 135 205 129 490 297 475 246 395 162 160 293 627 266 238 247 320 554 553 432 162 7 374 468 171 118 218 472 268 393 96 195 185 470 13 345 190 523 617 496 401 333 108 202 33 566 224 67 28 547 92 x 180 390 340 
93 235 358 312 519 432 333 476 226 45 385 51 310 477 295 426 215 18 20 473 447 446 58 67 140 374 373 252 342 187 194 288 9 62 38 292 88 213 276 375 365 290 167 165 10 343 437 316 221 513 72 22 147 386 404 113 208 367 88 180 x 210 520 
303 25 568 522 729 642 543 686 436 255 595 261 100 687 85 636 5 228 230 683 237 656 152 143 70 164 163 42 552 397 16 78 219 272 172 82 122 3 486 585 575 80 377 45 200 133 227 106 11 723 282 188 357 176 614 323 418 157 298 390 210 x 730 
427 755 162 208 1 88 187 44 294 475 135 469 830 43 815 94 735 502 500 47 967 74 578 587 660 894 893 772 178 333 714 808 511 458 558 812 608 733 244 145 155 810 353 685 530 863 957 836 741 7 448 542 373 906 116 407 312 887 432 340 520 730 x 
