113
57
location0 location1 location2 location3 location4 location5 location6 location7 location8 location9 location10 location11 location12 location13 location14 location15 location16 location17 location18 location19 location20 location21 location22 location23 location24 location25 location26 location27 location28 location29 location30 location31 location32 location33 location34 location35 location36 location37 location38 location39 location40 location41 location42 location43 location44 location45 location46 location47 location48 location49 location50 location51 location52 location53 location54 location55 location56 location57 location58 location59 location60 location61 location62 location63 location64 location65 location66 location67 location68 location69 location70 location71 location72 location73 location74 location75 location76 location77 location78 location79 location80 location81 location82 location83 location84 location85 location86 location87 location88 location89 location90 location91 location92 location93 location94 location95 location96 location97 location98 location99 location100 location101 location102 location103 location104 location105 location106 location107 location108 location109 location110 location111 location112 
location0 location1 location2 location4 location5 location6 location7 location8 location9 location10 location11 location13 location14 location15 location17 location19 location20 location21 location22 location23 location24 location25 location26 location29 location30 location32 location33 location34 location35 location36 location37 location38 location39 location40 location41 location42 location43 location44 location46 location47 location48 location49 location50 location51 location52 location53 location54 location55 location56 location58 location59 location61 location62 location63 location64 location65 location66 
location41
x 497 149 631 345 35 121 508 38 507 83 543 13 434 177 82 270 36 815 480 71 695 726 662 781 144 269 246 775 387 463 740 457 757 31 89 407 224 57 367 735 97 499 321 22 822 515 738 334 117 28 509 65 435 96 677 761 379 141 801 659 235 101 216 219 513 601 533 453 19 628 106 192 503 23 112 871 66 570 25 745 276 56 823 629 3 324 664 378 521 759 719 365 554 578 668 220 383 700 786 88 785 39 456 429 71 381 458 231 562 91 614 102 
497 x 348 134 152 462 376 11 535 10 414 46 484 63 320 579 227 461 318 17 426 198 229 165 284 353 228 251 278 110 34 243 40 260 528 586 90 273 554 130 238 400 2 176 519 325 18 241 163 614 469 12 562 62 593 180 264 118 356 304 162 262 396 281 278 16 104 36 44 478 131 391 305 6 474 609 374 431 73 472 248 221 441 326 132 494 173 167 119 24 262 222 132 57 81 171 277 114 203 289 585 288 458 41 68 568 116 39 266 65 588 117 599 
149 348 x 482 196 114 28 359 187 358 66 394 136 285 28 231 121 113 666 331 78 546 577 513 632 5 120 97 626 238 314 591 308 608 180 238 258 75 206 218 586 52 350 172 171 673 366 589 185 266 121 360 214 286 245 528 612 230 8 652 510 86 48 67 70 364 452 384 304 130 479 43 43 354 126 261 722 83 421 124 596 127 93 674 480 146 175 515 229 372 610 570 216 405 429 519 71 234 551 637 237 636 110 307 280 220 232 309 82 413 240 465 251 
631 134 482 x 286 596 510 123 669 124 548 88 618 197 454 713 361 595 184 151 560 64 95 31 150 487 362 385 144 244 168 109 174 126 662 720 224 407 688 264 104 534 132 310 653 191 116 107 297 748 603 122 696 196 727 46 130 252 490 170 28 396 530 415 412 118 30 98 178 612 3 525 439 128 608 743 240 565 61 606 114 355 575 192 2 628 307 33 253 110 128 88 266 77 53 37 411 248 69 155 719 154 592 175 202 702 250 173 400 69 722 17 733 
345 152 196 286 x 310 224 163 383 162 262 198 332 89 168 427 75 309 470 135 274 350 381 317 436 201 76 99 430 42 118 395 112 412 376 434 62 121 402 22 390 248 154 24 367 477 170 393 11 462 317 164 410 90 441 332 416 34 204 456 314 110 244 129 126 168 256 188 108 326 283 239 153 158 322 457 526 279 225 320 400 69 289 478 284 342 21 319 33 176 414 374 20 209 233 323 125 38 355 441 433 440 306 111 84 416 36 113 114 217 436 269 447 
35 462 114 596 310 x 86 473 73 472 48 508 22 399 142 117 235 1 780 445 36 660 691 627 746 109 234 211 740 352 428 705 422 722 66 124 372 189 92 332 700 62 464 286 57 787 480 703 299 152 7 474 100 400 131 642 726 344 106 766 624 200 66 181 184 478 566 498 418 16 593 71 157 468 12 147 836 31 535 10 710 241 21 788 594 32 289 629 343 486 724 684 330 519 543 633 185 348 665 751 123 750 4 421 394 106 346 423 196 527 126 579 137 
121 376 28 510 224 86 x 387 159 386 38 422 108 313 56 203 149 85 694 359 50 574 605 541 660 23 148 125 654 266 342 619 336 636 152 210 286 103 178 246 614 24 378 200 143 701 394 617 213 238 93 388 186 314 217 556 640 258 20 680 538 114 20 95 98 392 480 412 332 102 507 15 71 382 98 233 750 55 449 96 624 155 65 702 508 118 203 543 257 400 638 598 244 433 457 547 99 262 579 665 209 664 82 335 308 192 260 337 110 441 212 493 223 
508 11 359 123 163 473 387 x 546 1 425 35 495 74 331 590 238 472 307 28 437 187 218 154 273 364 239 262 267 121 45 232 51 249 539 597 101 284 565 141 227 411 9 187 530 314 7 230 174 625 480 1 573 73 604 169 253 129 367 293 151 273 407 292 289 5 93 25 55 489 120 402 316 5 485 620 363 442 62 483 237 232 452 315 121 505 184 156 130 13 251 211 143 46 70 160 288 125 192 278 596 277 469 52 79 579 127 50 277 54 599 106 610 
38 535 187 669 383 73 159 546 x 545 121 581 51 472 215 44 308 74 853 518 109 733 764 700 819 182 307 284 813 425 501 778 495 795 7 51 445 262 19 405 773 135 537 359 16 860 553 776 372 79 66 547 27 473 58 715 799 417 179 839 697 273 139 254 257 551 639 571 491 57 666 144 230 541 61 74 909 104 608 63 783 314 94 861 667 41 362 702 416 559 797 757 403 592 616 706 258 421 738 824 50 823 77 494 467 33 419 496 269 600 53 652 64 
507 10 358 124 162 472 386 1 545 x 424 36 494 73 330 589 237 471 308 27 436 188 219 155 274 363 238 261 268 120 44 233 50 250 538 596 100 283 564 140 228 410 8 186 529 315 8 231 173 624 479 2 572 72 603 170 254 128 366 294 152 272 406 291 288 6 94 26 54 488 121 401 315 4 484 619 364 441 63 482 238 231 451 316 122 504 183 157 129 14 252 212 142 47 71 161 287 124 193 279 595 278 468 51 78 578 126 49 276 55 598 107 609 
83 414 66 548 262 48 38 425 121 424 x 460 70 351 94 165 187 47 732 397 12 612 643 579 698 61 186 163 692 304 380 657 374 674 114 172 324 141 140 284 652 14 416 238 105 739 432 655 251 200 55 426 148 352 179 594 678 296 58 718 576 152 18 133 136 430 518 450 370 64 545 23 109 420 60 195 788 17 487 58 662 193 27 740 546 80 241 581 295 438 676 636 282 471 495 585 137 300 617 703 171 702 44 373 346 154 298 375 148 479 174 531 185 
543 46 394 88 198 508 422 35 581 36 460 x 530 109 366 625 273 507 272 63 472 152 183 119 238 399 274 297 232 156 80 197 86 214 574 632 136 319 600 176 192 446 44 222 565 279 28 195 209 660 515 34 608 108 639 134 218 164 402 258 116 308 442 327 324 30 58 10 90 524 85 437 351 40 520 655 328 477 27 518 202 267 487 280 86 540 219 121 165 22 216 176 178 11 35 125 323 160 157 243 631 242 504 87 114 614 162 85 312 19 634 71 645 
13 484 136 618 332 22 108 495 51 494 70 530 x 421 164 95 257 23 802 467 58 682 713 649 768 131 256 233 762 374 450 727 444 744 44 102 394 211 70 354 722 84 486 308 35 809 502 725 321 130 15 496 78 422 109 664 748 366 128 788 646 222 88 203 206 500 588 520 440 6 615 93 179 490 10 125 858 53 557 12 732 263 43 810 616 10 311 651 365 508 746 706 352 541 565 655 207 370 687 773 101 772 26 443 416 84 368 445 218 549 104 601 115 
434 63 285 197 89 399 313 74 472 73 351 109 421 x 257 516 164 398 381 46 363 261 292 228 347 290 165 188 341 47 29 306 23 323 465 523 27 210 491 67 301 337 65 113 456 388 81 304 100 551 406 75 499 1 530 243 327 55 293 367 225 199 333 218 215 79 167 99 19 415 194 328 242 69 411 546 437 368 136 409 311 158 378 389 195 431 110 230 56 87 325 285 69 120 144 234 214 51 266 352 522 351 395 22 5 505 53 24 203 128 525 180 536 
177 320 28 454 168 142 56 331 215 330 94 366 164 257 x 259 93 141 638 303 106 518 549 485 604 33 92 69 598 210 286 563 280 580 208 266 230 47 234 190 558 80 322 144 199 645 338 561 157 294 149 332 242 258 273 500 584 202 36 624 482 58 76 39 42 336 424 356 276 158 451 71 15 326 154 289 694 111 393 152 568 99 121 646 452 174 147 487 201 344 582 542 188 377 401 491 43 206 523 609 265 608 138 279 252 248 204 281 54 385 268 437 279 
82 579 231 713 427 117 203 590 44 589 165 625 95 516 259 x 352 118 897 562 153 777 808 744 863 226 351 328 857 469 545 822 539 839 51 7 489 306 25 449 817 179 581 403 60 904 597 820 416 35 110 591 17 517 14 759 843 461 223 883 741 317 183 298 301 595 683 615 535 101 710 188 274 585 105 30 953 148 652 107 827 358 138 905 711 85 406 746 460 603 841 801 447 636 660 750 302 465 782 868 6 867 121 538 511 11 463 540 313 644 9 696 20 
270 227 121 361 75 235 149 238 308 237 187 273 257 164 93 352 x 234 545 210 199 425 456 392 511 126 1 24 505 117 193 470 187 487 301 359 137 46 327 97 465 173 229 51 292 552 245 468 64 387 242 239 335 165 366 407 491 109 129 531 389 35 169 54 51 243 331 263 183 251 358 164 78 233 247 382 601 204 300 245 475 6 214 553 359 267 54 394 108 251 489 449 95 284 308 398 50 113 430 516 358 515 231 186 159 341 111 188 39 292 361 344 372 
36 461 113 595 309 1 85 472 74 471 47 507 23 398 141 118 234 x 779 444 35 659 690 626 745 108 233 210 739 351 427 704 421 721 67 125 371 188 93 331 699 61 463 285 58 786 479 702 298 153 8 473 101 399 132 641 725 343 105 765 623 199 65 180 183 477 565 497 417 17 592 70 156 467 13 148 835 30 534 11 709 240 20 787 593 33 288 628 342 485 723 683 329 518 542 632 184 347 664 750 124 749 3 420 393 107 345 422 195 526 127 578 138 
815 318 666 184 470 780 694 307 853 308 732 272 802 381 638 897 545 779 x 335 744 120 89 153 34 671 546 569 40 428 352 75 358 58 846 904 408 591 872 448 80 718 316 494 837 7 300 77 481 932 787 306 880 380 911 138 54 436 674 14 156 580 714 599 596 302 214 282 362 796 187 709 623 312 792 927 56 749 245 790 70 539 759 8 186 812 491 151 437 294 56 96 450 261 237 147 595 432 115 29 903 30 776 359 386 886 434 357 584 253 906 201 917 
480 17 331 151 135 445 359 28 518 27 397 63 467 46 303 562 210 444 335 x 409 215 246 182 301 336 211 234 295 93 17 260 23 277 511 569 73 256 537 113 255 383 19 159 502 342 35 258 146 597 452 29 545 45 576 197 281 101 339 321 179 245 379 264 261 33 121 53 27 461 148 374 288 23 457 592 391 414 90 455 265 204 424 343 149 477 156 184 102 41 279 239 115 74 98 188 260 97 220 306 568 305 441 24 51 551 99 22 249 82 571 134 582 
71 426 78 560 274 36 50 437 109 436 12 472 58 363 106 153 199 35 744 409 x 624 655 591 710 73 198 175 704 316 392 669 386 686 102 160 336 153 128 296 664 26 428 250 93 751 444 667 263 188 43 438 136 364 167 606 690 308 70 730 588 164 30 145 148 442 530 462 382 52 557 35 121 432 48 183 800 5 499 46 674 205 15 752 558 68 253 593 307 450 688 648 294 483 507 597 149 312 629 715 159 714 32 385 358 142 310 387 160 491 162 543 173 
695 198 546 64 350 660 574 187 733 188 612 152 682 261 518 777 425 659 120 215 624 x 31 33 86 551 426 449 80 308 232 45 238 62 726 784 288 471 752 328 40 598 196 374 717 127 180 43 361 812 667 186 760 260 791 18 66 316 554 106 36 460 594 479 476 182 94 162 242 676 67 589 503 192 672 807 176 629 125 670 50 419 639 128 66 692 371 31 317 174 64 24 330 141 117 27 475 312 5 91 783 90 656 239 266 766 314 237 464 133 786 81 797 
726 229 577 95 381 691 605 218 764 219 643 183 713 292 549 808 456 690 89 246 655 31 x 64 55 582 457 480 49 339 263 14 269 31 757 815 319 502 783 359 9 629 227 405 748 96 211 12 392 843 698 217 791 291 822 49 35 347 585 75 67 491 625 510 507 213 125 193 273 707 98 620 534 223 703 838 145 660 156 701 19 450 670 97 97 723 402 62 348 205 33 7 361 172 148 58 506 343 26 60 814 59 687 270 297 797 345 268 495 164 817 112 828 
662 165 513 31 317 627 541 154 700 155 579 119 649 228 485 744 392 626 153 182 591 33 64 x 119 518 393 416 113 275 199 78 205 95 693 751 255 438 719 295 73 565 163 341 684 160 147 76 328 779 634 153 727 227 758 15 99 283 521 139 3 427 561 446 443 149 61 129 209 643 34 556 470 159 639 774 209 596 92 637 83 386 606 161 33 659 338 2 284 141 97 57 297 108 84 6 442 279 38 124 750 123 623 206 233 733 281 204 431 100 753 48 764 
781 284 632 150 436 746 660 273 819 274 698 238 768 347 604 863 511 745 34 301 710 86 55 119 x 637 512 535 6 394 318 41 324 24 812 870 374 557 838 414 46 684 282 460 803 41 266 43 447 898 753 272 846 346 877 104 20 402 640 20 122 546 680 565 562 268 180 248 328 762 153 675 589 278 758 893 90 715 211 756 36 505 725 42 152 778 457 117 403 260 22 62 416 227 203 113 561 398 81 5 869 4 742 325 352 852 400 323 550 219 872 167 883 
144 353 5 487 201 109 23 364 182 363 61 399 131 290 33 226 126 108 671 336 73 551 582 518 637 x 125 102 631 243 319 596 313 613 175 233 263 80 201 223 591 47 355 177 166 678 371 594 190 261 116 365 209 291 240 533 617 235 3 657 515 91 43 72 75 369 457 389 309 125 484 38 48 359 121 256 727 78 426 119 601 132 88 679 485 141 180 520 234 377 615 575 221 410 434 524 76 239 556 642 232 641 105 312 285 215 237 314 87 418 235 470 246 
269 228 120 362 76 234 148 239 307 238 186 274 256 165 92 351 1 233 546 211 198 426 457 393 512 125 x 23 506 118 194 471 188 488 300 358 138 45 326 98 466 172 230 52 291 553 246 469 65 386 241 240 334 166 365 408 492 110 128 532 390 34 168 53 50 244 332 264 184 250 359 163 77 234 246 381 602 203 301 244 476 7 213 554 360 266 55 395 109 252 490 450 96 285 309 399 49 114 431 517 357 516 230 187 160 340 112 189 38 293 360 345 371 
246 251 97 385 99 211 125 262 284 261 163 297 233 188 69 328 24 210 569 234 175 449 480 416 535 102 23 x 529 141 217 494 211 511 277 335 161 22 303 121 489 149 253 75 268 576 269 492 88 363 218 263 311 189 342 431 515 133 105 555 413 11 145 30 27 267 355 287 207 227 382 140 54 257 223 358 625 180 324 221 499 30 190 577 383 243 78 418 132 275 513 473 119 308 332 422 26 137 454 540 334 539 207 210 183 317 135 212 15 316 337 368 348 
775 278 626 144 430 740 654 267 813 268 692 232 762 341 598 857 505 739 40 295 704 80 49 113 6 631 506 529 x 388 312 35 318 18 806 864 368 551 832 408 40 678 276 454 797 47 260 37 441 892 747 266 840 340 871 98 14 396 634 26 116 540 674 559 556 262 174 242 322 756 147 669 583 272 752 887 96 709 205 750 30 499 719 48 146 772 451 111 397 254 16 56 410 221 197 107 555 392 75 11 863 10 736 319 346 846 394 317 544 213 866 161 877 
387 110 238 244 42 352 266 121 425 120 304 156 374 47 210 469 117 351 428 93 316 308 339 275 394 243 118 141 388 x 76 353 70 370 418 476 20 163 444 20 348 290 112 66 409 435 128 351 53 504 359 122 452 48 483 290 374 8 246 414 272 152 286 171 168 126 214 146 66 368 241 281 195 116 364 499 484 321 183 362 358 111 331 436 242 384 63 277 9 134 372 332 22 167 191 281 167 4 313 399 475 398 348 69 42 458 6 71 156 175 478 227 489 
463 34 314 168 118 428 342 45 501 44 380 80 450 29 286 545 193 427 352 17 392 232 263 199 318 319 194 217 312 76 x 277 6 294 494 552 56 239 520 96 272 366 36 142 485 359 52 275 129 580 435 46 528 28 559 214 298 84 322 338 196 228 362 247 244 50 138 70 10 444 165 357 271 40 440 575 408 397 107 438 282 187 407 360 166 460 139 201 85 58 296 256 98 91 115 205 243 80 237 323 551 322 424 7 34 534 82 5 232 99 554 151 565 
740 243 591 109 395 705 619 232 778 233 657 197 727 306 563 822 470 704 75 260 669 45 14 78 41 596 471 494 35 353 277 x 283 17 771 829 333 516 797 373 5 643 241 419 762 82 225 2 406 857 712 231 805 305 836 63 21 361 599 61 81 505 639 524 521 227 139 207 287 721 112 634 548 237 717 852 131 674 170 715 5 464 684 83 111 737 416 76 362 219 19 21 375 186 162 72 520 357 40 46 828 45 701 284 311 811 359 282 509 178 831 126 842 
457 40 308 174 112 422 336 51 495 50 374 86 444 23 280 539 187 421 358 23 386 238 269 205 324 313 188 211 318 70 6 283 x 300 488 546 50 233 514 90 278 360 42 136 479 365 58 281 123 574 429 52 522 22 553 220 304 78 316 344 202 222 356 241 238 56 144 76 4 438 171 351 265 46 434 569 414 391 113 432 288 181 401 366 172 454 133 207 79 64 302 262 92 97 121 211 237 74 243 329 545 328 418 1 28 528 76 1 226 105 548 157 559 
757 260 608 126 412 722 636 249 795 250 674 214 744 323 580 839 487 721 58 277 686 62 31 95 24 613 488 511 18 370 294 17 300 x 788 846 350 533 814 390 22 660 258 436 779 65 242 19 423 874 729 248 822 322 853 80 4 378 616 44 98 522 656 541 538 244 156 224 304 738 129 651 565 254 734 869 114 691 187 732 12 481 701 66 128 754 433 93 379 236 2 38 392 203 179 89 537 374 57 29 845 28 718 301 328 828 376 299 526 195 848 143 859 
31 528 180 662 376 66 152 539 7 538 114 574 44 465 208 51 301 67 846 511 102 726 757 693 812 175 300 277 806 418 494 771 488 788 x 58 438 255 26 398 766 128 530 352 9 853 546 769 365 86 59 540 34 466 65 708 792 410 172 832 690 266 132 247 250 544 632 564 484 50 659 137 223 534 54 81 902 97 601 56 776 307 87 854 660 34 355 695 409 552 790 750 396 585 609 699 251 414 731 817 57 816 70 487 460 40 412 489 262 593 60 645 71 
89 586 238 720 434 124 210 597 51 596 172 632 102 523 266 7 359 125 904 569 160 784 815 751 870 233 358 335 864 476 552 829 546 846 58 x 496 313 32 456 824 186 588 410 67 911 604 827 423 28 117 598 24 524 7 766 850 468 230 890 748 324 190 305 308 602 690 622 542 108 717 195 281 592 112 23 960 155 659 114 834 365 145 912 718 92 413 753 467 610 848 808 454 643 667 757 309 472 789 875 1 874 128 545 518 18 470 547 320 651 2 703 13 
407 90 258 224 62 372 286 101 445 100 324 136 394 27 230 489 137 371 408 73 336 288 319 255 374 263 138 161 368 20 56 333 50 350 438 496 x 183 464 40 328 310 92 86 429 415 108 331 73 524 379 102 472 28 503 270 354 28 266 394 252 172 306 191 188 106 194 126 46 388 221 301 215 96 384 519 464 341 163 382 338 131 351 416 222 404 83 257 29 114 352 312 42 147 171 261 187 24 293 379 495 378 368 49 22 478 26 51 176 155 498 207 509 
224 273 75 407 121 189 103 284 262 283 141 319 211 210 47 306 46 188 591 256 153 471 502 438 557 80 45 22 551 163 239 516 233 533 255 313 183 x 281 143 511 127 275 97 246 598 291 514 110 341 196 285 289 211 320 453 537 155 83 577 435 11 123 8 5 289 377 309 229 205 404 118 32 279 201 336 647 158 346 199 521 52 168 599 405 221 100 440 154 297 535 495 141 330 354 444 4 159 476 562 312 561 185 232 205 295 157 234 7 338 315 390 326 
57 554 206 688 402 92 178 565 19 564 140 600 70 491 234 25 327 93 872 537 128 752 783 719 838 201 326 303 832 444 520 797 514 814 26 32 464 281 x 424 792 154 556 378 35 879 572 795 391 60 85 566 8 492 39 734 818 436 198 858 716 292 158 273 276 570 658 590 510 76 685 163 249 560 80 55 928 123 627 82 802 333 113 880 686 60 381 721 435 578 816 776 422 611 635 725 277 440 757 843 31 842 96 513 486 14 438 515 288 619 34 671 45 
367 130 218 264 22 332 246 141 405 140 284 176 354 67 190 449 97 331 448 113 296 328 359 295 414 223 98 121 408 20 96 373 90 390 398 456 40 143 424 x 368 270 132 46 389 455 148 371 33 484 339 142 432 68 463 310 394 12 226 434 292 132 266 151 148 146 234 166 86 348 261 261 175 136 344 479 504 301 203 342 378 91 311 456 262 364 43 297 11 154 392 352 2 187 211 301 147 16 333 419 455 418 328 89 62 438 14 91 136 195 458 247 469 
735 238 586 104 390 700 614 227 773 228 652 192 722 301 558 817 465 699 80 255 664 40 9 73 46 591 466 489 40 348 272 5 278 22 766 824 328 511 792 368 x 638 236 414 757 87 220 3 401 852 707 226 800 300 831 58 26 356 594 66 76 500 634 519 516 222 134 202 282 716 107 629 543 232 712 847 136 669 165 710 10 459 679 88 106 732 411 71 357 214 24 16 370 181 157 67 515 352 35 51 823 50 696 279 306 806 354 277 504 173 826 121 837 
97 400 52 534 248 62 24 411 135 410 14 446 84 337 80 179 173 61 718 383 26 598 629 565 684 47 172 149 678 290 366 643 360 660 128 186 310 127 154 270 638 x 402 224 119 725 418 641 237 214 69 412 162 338 193 580 664 282 44 704 562 138 4 119 122 416 504 436 356 78 531 9 95 406 74 209 774 31 473 72 648 179 41 726 532 94 227 567 281 424 662 622 268 457 481 571 123 286 603 689 185 688 58 359 332 168 284 361 134 465 188 517 199 
499 2 350 132 154 464 378 9 537 8 416 44 486 65 322 581 229 463 316 19 428 196 227 163 282 355 230 253 276 112 36 241 42 258 530 588 92 275 556 132 236 402 x 178 521 323 16 239 165 616 471 10 564 64 595 178 262 120 358 302 160 264 398 283 280 14 102 34 46 480 129 393 307 4 476 611 372 433 71 474 246 223 443 324 130 496 175 165 121 22 260 220 134 55 79 169 279 116 201 287 587 286 460 43 70 570 118 41 268 63 590 115 601 
321 176 172 310 24 286 200 187 359 186 238 222 308 113 144 403 51 285 494 159 250 374 405 341 460 177 52 75 454 66 142 419 136 436 352 410 86 97 378 46 414 224 178 x 343 501 194 417 13 438 293 188 386 114 417 356 440 58 180 480 338 86 220 105 102 192 280 212 132 302 307 215 129 182 298 433 550 255 249 296 424 45 265 502 308 318 3 343 57 200 438 398 44 233 257 347 101 62 379 465 409 464 282 135 108 392 60 137 90 241 412 293 423 
22 519 171 653 367 57 143 530 16 529 105 565 35 456 199 60 292 58 837 502 93 717 748 684 803 166 291 268 797 409 485 762 479 779 9 67 429 246 35 389 757 119 521 343 x 844 537 760 356 95 50 531 43 457 74 699 783 401 163 823 681 257 123 238 241 535 623 555 475 41 650 128 214 525 45 90 893 88 592 47 767 298 78 845 651 25 346 686 400 543 781 741 387 576 600 690 242 405 722 808 66 807 61 478 451 49 403 480 253 584 69 636 80 
822 325 673 191 477 787 701 314 860 315 739 279 809 388 645 904 552 786 7 342 751 127 96 160 41 678 553 576 47 435 359 82 365 65 853 911 415 598 879 455 87 725 323 501 844 x 307 84 488 939 794 313 887 387 918 145 61 443 681 21 163 587 721 606 603 309 221 289 369 803 194 716 630 319 799 934 49 756 252 797 77 546 766 1 193 819 498 158 444 301 63 103 457 268 244 154 602 439 122 36 910 37 783 366 393 893 441 364 591 260 913 208 924 
515 18 366 116 170 480 394 7 553 8 432 28 502 81 338 597 245 479 300 35 444 180 211 147 266 371 246 269 260 128 52 225 58 242 546 604 108 291 572 148 220 418 16 194 537 307 x 223 181 632 487 6 580 80 611 162 246 136 374 286 144 280 414 299 296 2 86 18 62 496 113 409 323 12 492 627 356 449 55 490 230 239 459 308 114 512 191 149 137 6 244 204 150 39 63 153 295 132 185 271 603 270 476 59 86 586 134 57 284 47 606 99 617 
738 241 589 107 393 703 617 230 776 231 655 195 725 304 561 820 468 702 77 258 667 43 12 76 43 594 469 492 37 351 275 2 281 19 769 827 331 514 795 371 3 641 239 417 760 84 223 x 404 855 710 229 803 303 834 61 23 359 597 63 79 503 637 522 519 225 137 205 285 719 110 632 546 235 715 850 133 672 168 713 7 462 682 85 109 735 414 74 360 217 21 19 373 184 160 70 518 355 38 48 826 47 699 282 309 809 357 280 507 176 829 124 840 
334 163 185 297 11 299 213 174 372 173 251 209 321 100 157 416 64 298 481 146 263 361 392 328 447 190 65 88 441 53 129 406 123 423 365 423 73 110 391 33 401 237 165 13 356 488 181 404 x 451 306 175 399 101 430 343 427 45 193 467 325 99 233 118 115 179 267 199 119 315 294 228 142 169 311 446 537 268 236 309 411 58 278 489 295 331 10 330 44 187 425 385 31 220 244 334 114 49 366 452 422 451 295 122 95 405 47 124 103 228 425 280 436 
117 614 266 748 462 152 238 625 79 624 200 660 130 551 294 35 387 153 932 597 188 812 843 779 898 261 386 363 892 504 580 857 574 874 86 28 524 341 60 484 852 214 616 438 95 939 632 855 451 x 145 626 52 552 21 794 878 496 258 918 776 352 218 333 336 630 718 650 570 136 745 223 309 620 140 5 988 183 687 142 862 393 173 940 746 120 441 781 495 638 876 836 482 671 695 785 337 500 817 903 29 902 156 573 546 46 498 575 348 679 26 731 15 
28 469 121 603 317 7 93 480 66 479 55 515 15 406 149 110 242 8 787 452 43 667 698 634 753 116 241 218 747 359 435 712 429 729 59 117 379 196 85 339 707 69 471 293 50 794 487 710 306 145 x 481 93 407 124 649 733 351 113 773 631 207 73 188 191 485 573 505 425 9 600 78 164 475 5 140 843 38 542 3 717 248 28 795 601 25 296 636 350 493 731 691 337 526 550 640 192 355 672 758 116 757 11 428 401 99 353 430 203 534 119 586 130 
509 12 360 122 164 474 388 1 547 2 426 34 496 75 332 591 239 473 306 29 438 186 217 153 272 365 240 263 266 122 46 231 52 248 540 598 102 285 566 142 226 412 10 188 531 313 6 229 175 626 481 x 574 74 605 168 252 130 368 292 150 274 408 293 290 4 92 24 56 490 119 403 317 6 486 621 362 443 61 484 236 233 453 314 120 506 185 155 131 12 250 210 144 45 69 159 289 126 191 277 597 276 470 53 80 580 128 51 278 53 600 105 611 
65 562 214 696 410 100 186 573 27 572 148 608 78 499 242 17 335 101 880 545 136 760 791 727 846 209 334 311 840 452 528 805 522 822 34 24 472 289 8 432 800 162 564 386 43 887 580 803 399 52 93 574 x 500 31 742 826 444 206 866 724 300 166 281 284 578 666 598 518 84 693 171 257 568 88 47 936 131 635 90 810 341 121 888 694 68 389 729 443 586 824 784 430 619 643 733 285 448 765 851 23 850 104 521 494 6 446 523 296 627 26 679 37 
435 62 286 196 90 400 314 73 473 72 352 108 422 1 258 517 165 399 380 45 364 260 291 227 346 291 166 189 340 48 28 305 22 322 466 524 28 211 492 68 300 338 64 114 457 387 80 303 101 552 407 74 500 x 531 242 326 56 294 366 224 200 334 219 216 78 166 98 18 416 193 329 243 68 412 547 436 369 135 410 310 159 379 388 194 432 111 229 57 86 324 284 70 119 143 233 215 52 265 351 523 350 396 21 6 506 54 23 204 127 526 179 537 
96 593 245 727 441 131 217 604 58 603 179 639 109 530 273 14 366 132 911 576 167 791 822 758 877 240 365 342 871 483 559 836 553 853 65 7 503 320 39 463 831 193 595 417 74 918 611 834 430 21 124 605 31 531 x 773 857 475 237 897 755 331 197 312 315 609 697 629 549 115 724 202 288 599 119 16 967 162 666 121 841 372 152 919 725 99 420 760 474 617 855 815 461 650 674 764 316 479 796 882 8 881 135 552 525 25 477 554 327 658 5 710 6 
677 180 528 46 332 642 556 169 715 170 594 134 664 243 500 759 407 641 138 197 606 18 49 15 104 533 408 431 98 290 214 63 220 80 708 766 270 453 734 310 58 580 178 356 699 145 162 61 343 794 649 168 742 242 773 x 84 298 536 124 18 442 576 461 458 164 76 144 224 658 49 571 485 174 654 789 194 611 107 652 68 401 621 146 48 674 353 13 299 156 82 42 312 123 99 9 457 294 23 109 765 108 638 221 248 748 296 219 446 115 768 63 779 
761 264 612 130 416 726 640 253 799 254 678 218 748 327 584 843 491 725 54 281 690 66 35 99 20 617 492 515 14 374 298 21 304 4 792 850 354 537 818 394 26 664 262 440 783 61 246 23 427 878 733 252 826 326 857 84 x 382 620 40 102 526 660 545 542 248 160 228 308 742 133 655 569 258 738 873 110 695 191 736 16 485 705 62 132 758 437 97 383 240 2 42 396 207 183 93 541 378 61 25 849 24 722 305 332 832 380 303 530 199 852 147 863 
379 118 230 252 34 344 258 129 417 128 296 164 366 55 202 461 109 343 436 101 308 316 347 283 402 235 110 133 396 8 84 361 78 378 410 468 28 155 436 12 356 282 120 58 401 443 136 359 45 496 351 130 444 56 475 298 382 x 238 422 280 144 278 163 160 134 222 154 74 360 249 273 187 124 356 491 492 313 191 354 366 103 323 444 250 376 55 285 1 142 380 340 14 175 199 289 159 4 321 407 467 406 340 77 50 450 2 79 148 183 470 235 481 
141 356 8 490 204 106 20 367 179 366 58 402 128 293 36 223 129 105 674 339 70 554 585 521 640 3 128 105 634 246 322 599 316 616 172 230 266 83 198 226 594 44 358 180 163 681 374 597 193 258 113 368 206 294 237 536 620 238 x 660 518 94 40 75 78 372 460 392 312 122 487 35 51 362 118 253 730 75 429 116 604 135 85 682 488 138 183 523 237 380 618 578 224 413 437 527 79 242 559 645 229 644 102 315 288 212 240 317 90 421 232 473 243 
801 304 652 170 456 766 680 293 839 294 718 258 788 367 624 883 531 765 14 321 730 106 75 139 20 657 532 555 26 414 338 61 344 44 832 890 394 577 858 434 66 704 302 480 823 21 286 63 467 918 773 292 866 366 897 124 40 422 660 x 142 566 700 585 582 288 200 268 348 782 173 695 609 298 778 913 70 735 231 776 56 525 745 22 172 798 477 137 423 280 42 82 436 247 223 133 581 418 101 15 889 16 762 345 372 872 420 343 570 239 892 187 903 
659 162 510 28 314 624 538 151 697 152 576 116 646 225 482 741 389 623 156 179 588 36 67 3 122 515 390 413 116 272 196 81 202 98 690 748 252 435 716 292 76 562 160 338 681 163 144 79 325 776 631 150 724 224 755 18 102 280 518 142 x 424 558 443 440 146 58 126 206 640 31 553 467 156 636 771 212 593 89 634 86 383 603 164 30 656 335 5 281 138 100 60 294 105 81 9 439 276 41 127 747 126 620 203 230 730 278 201 428 97 750 45 761 
235 262 86 396 110 200 114 273 273 272 152 308 222 199 58 317 35 199 580 245 164 460 491 427 546 91 34 11 540 152 228 505 222 522 266 324 172 11 292 132 500 138 264 86 257 587 280 503 99 352 207 274 300 200 331 442 526 144 94 566 424 x 134 19 16 278 366 298 218 216 393 129 43 268 212 347 636 169 335 210 510 41 179 588 394 232 89 429 143 286 524 484 130 319 343 433 15 148 465 551 323 550 196 221 194 306 146 223 4 327 326 379 337 
101 396 48 530 244 66 20 407 139 406 18 442 88 333 76 183 169 65 714 379 30 594 625 561 680 43 168 145 674 286 362 639 356 656 132 190 306 123 158 266 634 4 398 220 123 721 414 637 233 218 73 408 166 334 197 576 660 278 40 700 558 134 x 115 118 412 500 432 352 82 527 5 91 402 78 213 770 35 469 76 644 175 45 722 528 98 223 563 277 420 658 618 264 453 477 567 119 282 599 685 189 684 62 355 328 172 280 357 130 461 192 513 203 
216 281 67 415 129 181 95 292 254 291 133 327 203 218 39 298 54 180 599 264 145 479 510 446 565 72 53 30 559 171 247 524 241 541 247 305 191 8 273 151 519 119 283 105 238 606 299 522 118 333 188 293 281 219 312 461 545 163 75 585 443 19 115 x 3 297 385 317 237 197 412 110 24 287 193 328 655 150 354 191 529 60 160 607 413 213 108 448 162 305 543 503 149 338 362 452 4 167 484 570 304 569 177 240 213 287 165 242 15 346 307 398 318 
219 278 70 412 126 184 98 289 257 288 136 324 206 215 42 301 51 183 596 261 148 476 507 443 562 75 50 27 556 168 244 521 238 538 250 308 188 5 276 148 516 122 280 102 241 603 296 519 115 336 191 290 284 216 315 458 542 160 78 582 440 16 118 3 x 294 382 314 234 200 409 113 27 284 196 331 652 153 351 194 526 57 163 604 410 216 105 445 159 302 540 500 146 335 359 449 1 164 481 567 307 566 180 237 210 290 162 239 12 343 310 395 321 
513 16 364 118 168 478 392 5 551 6 430 30 500 79 336 595 243 477 302 33 442 182 213 149 268 369 244 267 262 126 50 227 56 244 544 602 106 289 570 146 222 416 14 192 535 309 2 225 179 630 485 4 578 78 609 164 248 134 372 288 146 278 412 297 294 x 88 20 60 494 115 407 321 10 490 625 358 447 57 488 232 237 457 310 116 510 189 151 135 8 246 206 148 41 65 155 293 130 187 273 601 272 474 57 84 584 132 55 282 49 604 101 615 
601 104 452 30 256 566 480 93 639 94 518 58 588 167 424 683 331 565 214 121 530 94 125 61 180 457 332 355 174 214 138 139 144 156 632 690 194 377 658 234 134 504 102 280 623 221 86 137 267 718 573 92 666 166 697 76 160 222 460 200 58 366 500 385 382 88 x 68 148 582 27 495 409 98 578 713 270 535 31 576 144 325 545 222 28 598 277 63 223 80 158 118 236 47 23 67 381 218 99 185 689 184 562 145 172 672 220 143 370 39 692 13 703 
533 36 384 98 188 498 412 25 571 26 450 10 520 99 356 615 263 497 282 53 462 162 193 129 248 389 264 287 242 146 70 207 76 224 564 622 126 309 590 166 202 436 34 212 555 289 18 205 199 650 505 24 598 98 629 144 228 154 392 268 126 298 432 317 314 20 68 x 80 514 95 427 341 30 510 645 338 467 37 508 212 257 477 290 96 530 209 131 155 12 226 186 168 21 45 135 313 150 167 253 621 252 494 77 104 604 152 75 302 29 624 81 635 
453 44 304 178 108 418 332 55 491 54 370 90 440 19 276 535 183 417 362 27 382 242 273 209 328 309 184 207 322 66 10 287 4 304 484 542 46 229 510 86 282 356 46 132 475 369 62 285 119 570 425 56 518 18 549 224 308 74 312 348 206 218 352 237 234 60 148 80 x 434 175 347 261 50 430 565 418 387 117 428 292 177 397 370 176 450 129 211 75 68 306 266 88 101 125 215 233 70 247 333 541 332 414 3 24 524 72 5 222 109 544 161 555 
19 478 130 612 326 16 102 489 57 488 64 524 6 415 158 101 251 17 796 461 52 676 707 643 762 125 250 227 756 368 444 721 438 738 50 108 388 205 76 348 716 78 480 302 41 803 496 719 315 136 9 490 84 416 115 658 742 360 122 782 640 216 82 197 200 494 582 514 434 x 609 87 173 484 4 131 852 47 551 6 726 257 37 804 610 16 305 645 359 502 740 700 346 535 559 649 201 364 681 767 107 766 20 437 410 90 362 439 212 543 110 595 121 
628 131 479 3 283 593 507 120 666 121 545 85 615 194 451 710 358 592 187 148 557 67 98 34 153 484 359 382 147 241 165 112 171 129 659 717 221 404 685 261 107 531 129 307 650 194 113 110 294 745 600 119 693 193 724 49 133 249 487 173 31 393 527 412 409 115 27 95 175 609 x 522 436 125 605 740 243 562 58 603 117 352 572 195 1 625 304 36 250 107 131 91 263 74 50 40 408 245 72 158 716 157 589 172 199 699 247 170 397 66 719 14 730 
106 391 43 525 239 71 15 402 144 401 23 437 93 328 71 188 164 70 709 374 35 589 620 556 675 38 163 140 669 281 357 634 351 651 137 195 301 118 163 261 629 9 393 215 128 716 409 632 228 223 78 403 171 329 202 571 655 273 35 695 553 129 5 110 113 407 495 427 347 87 522 x 86 397 83 218 765 40 464 81 639 170 50 717 523 103 218 558 272 415 653 613 259 448 472 562 114 277 594 680 194 679 67 350 323 177 275 352 125 456 197 508 208 
192 305 43 439 153 157 71 316 230 315 109 351 179 242 15 274 78 156 623 288 121 503 534 470 589 48 77 54 583 195 271 548 265 565 223 281 215 32 249 175 543 95 307 129 214 630 323 546 142 309 164 317 257 243 288 485 569 187 51 609 467 43 91 24 27 321 409 341 261 173 436 86 x 311 169 304 679 126 378 167 553 84 136 631 437 189 132 472 186 329 567 527 173 362 386 476 28 191 508 594 280 593 153 264 237 263 189 266 39 370 283 422 294 
503 6 354 128 158 468 382 5 541 4 420 40 490 69 326 585 233 467 312 23 432 192 223 159 278 359 234 257 272 116 40 237 46 254 534 592 96 279 560 136 232 406 4 182 525 319 12 235 169 620 475 6 568 68 599 174 258 124 362 298 156 268 402 287 284 10 98 30 50 484 125 397 311 x 480 615 368 437 67 478 242 227 447 320 126 500 179 161 125 18 256 216 138 51 75 165 283 120 197 283 591 282 464 47 74 574 122 45 272 59 594 111 605 
23 474 126 608 322 12 98 485 61 484 60 520 10 411 154 105 247 13 792 457 48 672 703 639 758 121 246 223 752 364 440 717 434 734 54 112 384 201 80 344 712 74 476 298 45 799 492 715 311 140 5 486 88 412 119 654 738 356 118 778 636 212 78 193 196 490 578 510 430 4 605 83 169 480 x 135 848 43 547 2 722 253 33 800 606 20 301 641 355 498 736 696 342 531 555 645 197 360 677 763 111 762 16 433 406 94 358 435 208 539 114 591 125 
112 609 261 743 457 147 233 620 74 619 195 655 125 546 289 30 382 148 927 592 183 807 838 774 893 256 381 358 887 499 575 852 569 869 81 23 519 336 55 479 847 209 611 433 90 934 627 850 446 5 140 621 47 547 16 789 873 491 253 913 771 347 213 328 331 625 713 645 565 131 740 218 304 615 135 x 983 178 682 137 857 388 168 935 741 115 436 776 490 633 871 831 477 666 690 780 332 495 812 898 24 897 151 568 541 41 493 570 343 674 21 726 10 
871 374 722 240 526 836 750 363 909 364 788 328 858 437 694 953 601 835 56 391 800 176 145 209 90 727 602 625 96 484 408 131 414 114 902 960 464 647 928 504 136 774 372 550 893 49 356 133 537 988 843 362 936 436 967 194 110 492 730 70 212 636 770 655 652 358 270 338 418 852 243 765 679 368 848 983 x 805 301 846 126 595 815 48 242 868 547 207 493 350 112 152 506 317 293 203 651 488 171 85 959 86 832 415 442 942 490 413 640 309 962 257 973 
66 431 83 565 279 31 55 442 104 441 17 477 53 368 111 148 204 30 749 414 5 629 660 596 715 78 203 180 709 321 397 674 391 691 97 155 341 158 123 301 669 31 433 255 88 756 449 672 268 183 38 443 131 369 162 611 695 313 75 735 593 169 35 150 153 447 535 467 387 47 562 40 126 437 43 178 805 x 504 41 679 210 10 757 563 63 258 598 312 455 693 653 299 488 512 602 154 317 634 720 154 719 27 390 363 137 315 392 165 496 157 548 168 
570 73 421 61 225 535 449 62 608 63 487 27 557 136 393 652 300 534 245 90 499 125 156 92 211 426 301 324 205 183 107 170 113 187 601 659 163 346 627 203 165 473 71 249 592 252 55 168 236 687 542 61 635 135 666 107 191 191 429 231 89 335 469 354 351 57 31 37 117 551 58 464 378 67 547 682 301 504 x 545 175 294 514 253 59 567 246 94 192 49 189 149 205 16 8 98 350 187 130 216 658 215 531 114 141 641 189 112 339 8 661 44 672 
25 472 124 606 320 10 96 483 63 482 58 518 12 409 152 107 245 11 790 455 46 670 701 637 756 119 244 221 750 362 438 715 432 732 56 114 382 199 82 342 710 72 474 296 47 797 490 713 309 142 3 484 90 410 121 652 736 354 116 776 634 210 76 191 194 488 576 508 428 6 603 81 167 478 2 137 846 41 545 x 720 251 31 798 604 22 299 639 353 496 734 694 340 529 553 643 195 358 675 761 113 760 14 431 404 96 356 433 206 537 116 589 127 
745 248 596 114 400 710 624 237 783 238 662 202 732 311 568 827 475 709 70 265 674 50 19 83 36 601 476 499 30 358 282 5 288 12 776 834 338 521 802 378 10 648 246 424 767 77 230 7 411 862 717 236 810 310 841 68 16 366 604 56 86 510 644 529 526 232 144 212 292 726 117 639 553 242 722 857 126 679 175 720 x 469 689 78 116 742 421 81 367 224 14 26 380 191 167 77 525 362 45 41 833 40 706 289 316 816 364 287 514 183 836 131 847 
276 221 127 355 69 241 155 232 314 231 193 267 263 158 99 358 6 240 539 204 205 419 450 386 505 132 7 30 499 111 187 464 181 481 307 365 131 52 333 91 459 179 223 45 298 546 239 462 58 393 248 233 341 159 372 401 485 103 135 525 383 41 175 60 57 237 325 257 177 257 352 170 84 227 253 388 595 210 294 251 469 x 220 547 353 273 48 388 102 245 483 443 89 278 302 392 56 107 424 510 364 509 237 180 153 347 105 182 45 286 367 338 378 
56 441 93 575 289 21 65 452 94 451 27 487 43 378 121 138 214 20 759 424 15 639 670 606 725 88 213 190 719 331 407 684 401 701 87 145 351 168 113 311 679 41 443 265 78 766 459 682 278 173 28 453 121 379 152 621 705 323 85 745 603 179 45 160 163 457 545 477 397 37 572 50 136 447 33 168 815 10 514 31 689 220 x 767 573 53 268 608 322 465 703 663 309 498 522 612 164 327 644 730 144 729 17 400 373 127 325 402 175 506 147 558 158 
823 326 674 192 478 788 702 315 861 316 740 280 810 389 646 905 553 787 8 343 752 128 97 161 42 679 554 577 48 436 360 83 366 66 854 912 416 599 880 456 88 726 324 502 845 1 308 85 489 940 795 314 888 388 919 146 62 444 682 22 164 588 722 607 604 310 222 290 370 804 195 717 631 320 800 935 48 757 253 798 78 547 767 x 194 820 499 159 445 302 64 104 458 269 245 155 603 440 123 37 911 38 784 367 394 894 442 365 592 261 914 209 925 
629 132 480 2 284 594 508 121 667 122 546 86 616 195 452 711 359 593 186 149 558 66 97 33 152 485 360 383 146 242 166 111 172 128 660 718 222 405 686 262 106 532 130 308 651 193 114 109 295 746 601 120 694 194 725 48 132 250 488 172 30 394 528 413 410 116 28 96 176 610 1 523 437 126 606 741 242 563 59 604 116 353 573 194 x 626 305 35 251 108 130 90 264 75 51 39 409 246 71 157 717 156 590 173 200 700 248 171 398 67 720 15 731 
3 494 146 628 342 32 118 505 41 504 80 540 10 431 174 85 267 33 812 477 68 692 723 659 778 141 266 243 772 384 460 737 454 754 34 92 404 221 60 364 732 94 496 318 25 819 512 735 331 120 25 506 68 432 99 674 758 376 138 798 656 232 98 213 216 510 598 530 450 16 625 103 189 500 20 115 868 63 567 22 742 273 53 820 626 x 321 661 375 518 756 716 362 551 575 665 217 380 697 783 91 782 36 453 426 74 378 455 228 559 94 611 105 
324 173 175 307 21 289 203 184 362 183 241 219 311 110 147 406 54 288 491 156 253 371 402 338 457 180 55 78 451 63 139 416 133 433 355 413 83 100 381 43 411 227 175 3 346 498 191 414 10 441 296 185 389 111 420 353 437 55 183 477 335 89 223 108 105 189 277 209 129 305 304 218 132 179 301 436 547 258 246 299 421 48 268 499 305 321 x 340 54 197 435 395 41 230 254 344 104 59 376 462 412 461 285 132 105 395 57 134 93 238 415 290 426 
664 167 515 33 319 629 543 156 702 157 581 121 651 230 487 746 394 628 151 184 593 31 62 2 117 520 395 418 111 277 201 76 207 93 695 753 257 440 721 297 71 567 165 343 686 158 149 74 330 781 636 155 729 229 760 13 97 285 523 137 5 429 563 448 445 151 63 131 211 645 36 558 472 161 641 776 207 598 94 639 81 388 608 159 35 661 340 x 286 143 95 55 299 110 86 4 444 281 36 122 752 121 625 208 235 735 283 206 433 102 755 50 766 
378 119 229 253 33 343 257 130 416 129 295 165 365 56 201 460 108 342 437 102 307 317 348 284 403 234 109 132 397 9 85 362 79 379 409 467 29 154 435 11 357 281 121 57 400 444 137 360 44 495 350 131 443 57 474 299 383 1 237 423 281 143 277 162 159 135 223 155 75 359 250 272 186 125 355 490 493 312 192 353 367 102 322 445 251 375 54 286 x 143 381 341 13 176 200 290 158 5 322 408 466 407 339 78 51 449 3 80 147 184 469 236 480 
521 24 372 110 176 486 400 13 559 14 438 22 508 87 344 603 251 485 294 41 450 174 205 141 260 377 252 275 254 134 58 219 64 236 552 610 114 297 578 154 214 424 22 200 543 301 6 217 187 638 493 12 586 86 617 156 240 142 380 280 138 286 420 305 302 8 80 12 68 502 107 415 329 18 498 633 350 455 49 496 224 245 465 302 108 518 197 143 143 x 238 198 156 33 57 147 301 138 179 265 609 264 482 65 92 592 140 63 290 41 612 93 623 
759 262 610 128 414 724 638 251 797 252 676 216 746 325 582 841 489 723 56 279 688 64 33 97 22 615 490 513 16 372 296 19 302 2 790 848 352 535 816 392 24 662 260 438 781 63 244 21 425 876 731 250 824 324 855 82 2 380 618 42 100 524 658 543 540 246 158 226 306 740 131 653 567 256 736 871 112 693 189 734 14 483 703 64 130 756 435 95 381 238 x 40 394 205 181 91 539 376 59 27 847 26 720 303 330 830 378 301 528 197 850 145 861 
719 222 570 88 374 684 598 211 757 212 636 176 706 285 542 801 449 683 96 239 648 24 7 57 62 575 450 473 56 332 256 21 262 38 750 808 312 495 776 352 16 622 220 398 741 103 204 19 385 836 691 210 784 284 815 42 42 340 578 82 60 484 618 503 500 206 118 186 266 700 91 613 527 216 696 831 152 653 149 694 26 443 663 104 90 716 395 55 341 198 40 x 354 165 141 51 499 336 19 67 807 66 680 263 290 790 338 261 488 157 810 105 821 
365 132 216 266 20 330 244 143 403 142 282 178 352 69 188 447 95 329 450 115 294 330 361 297 416 221 96 119 410 22 98 375 92 392 396 454 42 141 422 2 370 268 134 44 387 457 150 373 31 482 337 144 430 70 461 312 396 14 224 436 294 130 264 149 146 148 236 168 88 346 263 259 173 138 342 477 506 299 205 340 380 89 309 458 264 362 41 299 13 156 394 354 x 189 213 303 145 18 335 421 453 420 326 91 64 436 16 93 134 197 456 249 467 
554 57 405 77 209 519 433 46 592 47 471 11 541 120 377 636 284 518 261 74 483 141 172 108 227 410 285 308 221 167 91 186 97 203 585 643 147 330 611 187 181 457 55 233 576 268 39 184 220 671 526 45 619 119 650 123 207 175 413 247 105 319 453 338 335 41 47 21 101 535 74 448 362 51 531 666 317 488 16 529 191 278 498 269 75 551 230 110 176 33 205 165 189 x 24 114 334 171 146 232 642 231 515 98 125 625 173 96 323 8 645 60 656 
578 81 429 53 233 543 457 70 616 71 495 35 565 144 401 660 308 542 237 98 507 117 148 84 203 434 309 332 197 191 115 162 121 179 609 667 171 354 635 211 157 481 79 257 600 244 63 160 244 695 550 69 643 143 674 99 183 199 437 223 81 343 477 362 359 65 23 45 125 559 50 472 386 75 555 690 293 512 8 553 167 302 522 245 51 575 254 86 200 57 181 141 213 24 x 90 358 195 122 208 666 207 539 122 149 649 197 120 347 16 669 36 680 
668 171 519 37 323 633 547 160 706 161 585 125 655 234 491 750 398 632 147 188 597 27 58 6 113 524 399 422 107 281 205 72 211 89 699 757 261 444 725 301 67 571 169 347 690 154 153 70 334 785 640 159 733 233 764 9 93 289 527 133 9 433 567 452 449 155 67 135 215 649 40 562 476 165 645 780 203 602 98 643 77 392 612 155 39 665 344 4 290 147 91 51 303 114 90 x 448 285 32 118 756 117 629 212 239 739 287 210 437 106 759 54 770 
220 277 71 411 125 185 99 288 258 287 137 323 207 214 43 302 50 184 595 260 149 475 506 442 561 76 49 26 555 167 243 520 237 537 251 309 187 4 277 147 515 123 279 101 242 602 295 518 114 337 192 289 285 215 316 457 541 159 79 581 439 15 119 4 1 293 381 313 233 201 408 114 28 283 197 332 651 154 350 195 525 56 164 603 409 217 104 444 158 301 539 499 145 334 358 448 x 163 480 566 308 565 181 236 209 291 161 238 11 342 311 394 322 
383 114 234 248 38 348 262 125 421 124 300 160 370 51 206 465 113 347 432 97 312 312 343 279 398 239 114 137 392 4 80 357 74 374 414 472 24 159 440 16 352 286 116 62 405 439 132 355 49 500 355 126 448 52 479 294 378 4 242 418 276 148 282 167 164 130 218 150 70 364 245 277 191 120 360 495 488 317 187 358 362 107 327 440 246 380 59 281 5 138 376 336 18 171 195 285 163 x 317 403 471 402 344 73 46 454 2 75 152 179 474 231 485 
700 203 551 69 355 665 579 192 738 193 617 157 687 266 523 782 430 664 115 220 629 5 26 38 81 556 431 454 75 313 237 40 243 57 731 789 293 476 757 333 35 603 201 379 722 122 185 38 366 817 672 191 765 265 796 23 61 321 559 101 41 465 599 484 481 187 99 167 247 681 72 594 508 197 677 812 171 634 130 675 45 424 644 123 71 697 376 36 322 179 59 19 335 146 122 32 480 317 x 86 788 85 661 244 271 771 319 242 469 138 791 86 802 
786 289 637 155 441 751 665 278 824 279 703 243 773 352 609 868 516 750 29 306 715 91 60 124 5 642 517 540 11 399 323 46 329 29 817 875 379 562 843 419 51 689 287 465 808 36 271 48 452 903 758 277 851 351 882 109 25 407 645 15 127 551 685 570 567 273 185 253 333 767 158 680 594 283 763 898 85 720 216 761 41 510 730 37 157 783 462 122 408 265 27 67 421 232 208 118 566 403 86 x 874 1 747 330 357 857 405 328 555 224 877 172 888 
88 585 237 719 433 123 209 596 50 595 171 631 101 522 265 6 358 124 903 568 159 783 814 750 869 232 357 334 863 475 551 828 545 845 57 1 495 312 31 455 823 185 587 409 66 910 603 826 422 29 116 597 23 523 8 765 849 467 229 889 747 323 189 304 307 601 689 621 541 107 716 194 280 591 111 24 959 154 658 113 833 364 144 911 717 91 412 752 466 609 847 807 453 642 666 756 308 471 788 874 x 873 127 544 517 17 469 546 319 650 3 702 14 
785 288 636 154 440 750 664 277 823 278 702 242 772 351 608 867 515 749 30 305 714 90 59 123 4 641 516 539 10 398 322 45 328 28 816 874 378 561 842 418 50 688 286 464 807 37 270 47 451 902 757 276 850 350 881 108 24 406 644 16 126 550 684 569 566 272 184 252 332 766 157 679 593 282 762 897 86 719 215 760 40 509 729 38 156 782 461 121 407 264 26 66 420 231 207 117 565 402 85 1 873 x 746 329 356 856 404 327 554 223 876 171 887 
39 458 110 592 306 4 82 469 77 468 44 504 26 395 138 121 231 3 776 441 32 656 687 623 742 105 230 207 736 348 424 701 418 718 70 128 368 185 96 328 696 58 460 282 61 783 476 699 295 156 11 470 104 396 135 638 722 340 102 762 620 196 62 177 180 474 562 494 414 20 589 67 153 464 16 151 832 27 531 14 706 237 17 784 590 36 285 625 339 482 720 680 326 515 539 629 181 344 661 747 127 746 x 417 390 110 342 419 192 523 130 575 141 
456 41 307 175 111 421 335 52 494 51 373 87 443 22 279 538 186 420 359 24 385 239 270 206 325 312 187 210 319 69 7 284 1 301 487 545 49 232 513 89 279 359 43 135 478 366 59 282 122 573 428 53 521 21 552 221 305 77 315 345 203 221 355 240 237 57 145 77 3 437 172 350 264 47 433 568 415 390 114 431 289 180 400 367 173 453 132 208 78 65 303 263 91 98 122 212 236 73 244 330 544 329 417 x 27 527 75 2 225 106 547 158 558 
429 68 280 202 84 394 308 79 467 78 346 114 416 5 252 511 159 393 386 51 358 266 297 233 352 285 160 183 346 42 34 311 28 328 460 518 22 205 486 62 306 332 70 108 451 393 86 309 95 546 401 80 494 6 525 248 332 50 288 372 230 194 328 213 210 84 172 104 24 410 199 323 237 74 406 541 442 363 141 404 316 153 373 394 200 426 105 235 51 92 330 290 64 125 149 239 209 46 271 357 517 356 390 27 x 500 48 29 198 133 520 185 531 
71 568 220 702 416 106 192 579 33 578 154 614 84 505 248 11 341 107 886 551 142 766 797 733 852 215 340 317 846 458 534 811 528 828 40 18 478 295 14 438 806 168 570 392 49 893 586 809 405 46 99 580 6 506 25 748 832 450 212 872 730 306 172 287 290 584 672 604 524 90 699 177 263 574 94 41 942 137 641 96 816 347 127 894 700 74 395 735 449 592 830 790 436 625 649 739 291 454 771 857 17 856 110 527 500 x 452 529 302 633 20 685 31 
381 116 232 250 36 346 260 127 419 126 298 162 368 53 204 463 111 345 434 99 310 314 345 281 400 237 112 135 394 6 82 359 76 376 412 470 26 157 438 14 354 284 118 60 403 441 134 357 47 498 353 128 446 54 477 296 380 2 240 420 278 146 280 165 162 132 220 152 72 362 247 275 189 122 358 493 490 315 189 356 364 105 325 442 248 378 57 283 3 140 378 338 16 173 197 287 161 2 319 405 469 404 342 75 48 452 x 77 150 181 472 233 483 
458 39 309 173 113 423 337 50 496 49 375 85 445 24 281 540 188 422 357 22 387 237 268 204 323 314 189 212 317 71 5 282 1 299 489 547 51 234 515 91 277 361 41 137 480 364 57 280 124 575 430 51 523 23 554 219 303 79 317 343 201 223 357 242 239 55 143 75 5 439 170 352 266 45 435 570 413 392 112 433 287 182 402 365 171 455 134 206 80 63 301 261 93 96 120 210 238 75 242 328 546 327 419 2 29 529 77 x 227 104 549 156 560 
231 266 82 400 114 196 110 277 269 276 148 312 218 203 54 313 39 195 584 249 160 464 495 431 550 87 38 15 544 156 232 509 226 526 262 320 176 7 288 136 504 134 268 90 253 591 284 507 103 348 203 278 296 204 327 446 530 148 90 570 428 4 130 15 12 282 370 302 222 212 397 125 39 272 208 343 640 165 339 206 514 45 175 592 398 228 93 433 147 290 528 488 134 323 347 437 11 152 469 555 319 554 192 225 198 302 150 227 x 331 322 383 333 
562 65 413 69 217 527 441 54 600 55 479 19 549 128 385 644 292 526 253 82 491 133 164 100 219 418 293 316 213 175 99 178 105 195 593 651 155 338 619 195 173 465 63 241 584 260 47 176 228 679 534 53 627 127 658 115 199 183 421 239 97 327 461 346 343 49 39 29 109 543 66 456 370 59 539 674 309 496 8 537 183 286 506 261 67 559 238 102 184 41 197 157 197 8 16 106 342 179 138 224 650 223 523 106 133 633 181 104 331 x 653 52 664 
91 588 240 722 436 126 212 599 53 598 174 634 104 525 268 9 361 127 906 571 162 786 817 753 872 235 360 337 866 478 554 831 548 848 60 2 498 315 34 458 826 188 590 412 69 913 606 829 425 26 119 600 26 526 5 768 852 470 232 892 750 326 192 307 310 604 692 624 544 110 719 197 283 594 114 21 962 157 661 116 836 367 147 914 720 94 415 755 469 612 850 810 456 645 669 759 311 474 791 877 3 876 130 547 520 20 472 549 322 653 x 705 11 
614 117 465 17 269 579 493 106 652 107 531 71 601 180 437 696 344 578 201 134 543 81 112 48 167 470 345 368 161 227 151 126 157 143 645 703 207 390 671 247 121 517 115 293 636 208 99 124 280 731 586 105 679 179 710 63 147 235 473 187 45 379 513 398 395 101 13 81 161 595 14 508 422 111 591 726 257 548 44 589 131 338 558 209 15 611 290 50 236 93 145 105 249 60 36 54 394 231 86 172 702 171 575 158 185 685 233 156 383 52 705 x 716 
102 599 251 733 447 137 223 610 64 609 185 645 115 536 279 20 372 138 917 582 173 797 828 764 883 246 371 348 877 489 565 842 559 859 71 13 509 326 45 469 837 199 601 423 80 924 617 840 436 15 130 611 37 537 6 779 863 481 243 903 761 337 203 318 321 615 703 635 555 121 730 208 294 605 125 10 973 168 672 127 847 378 158 925 731 105 426 766 480 623 861 821 467 656 680 770 322 485 802 888 14 887 141 558 531 31 483 560 333 664 11 716 x 
