87
19
location0 location1 location2 location3 location4 location5 location6 location7 location8 location9 location10 location11 location12 location13 location14 location15 location16 location17 location18 location19 location20 location21 location22 location23 location24 location25 location26 location27 location28 location29 location30 location31 location32 location33 location34 location35 location36 location37 location38 location39 location40 location41 location42 location43 location44 location45 location46 location47 location48 location49 location50 location51 location52 location53 location54 location55 location56 location57 location58 location59 location60 location61 location62 location63 location64 location65 location66 location67 location68 location69 location70 location71 location72 location73 location74 location75 location76 location77 location78 location79 location80 location81 location82 location83 location84 location85 location86 
location0 location7 location10 location11 location26 location27 location29 location37 location39 location44 location46 location52 location55 location59 location68 location75 location79 location82 location83 
location28
x 297 465 623 34 551 796 7 505 418 687 88 229 689 23 515 663 290 86 165 58 345 624 645 473 493 256 48 437 553 413 6 439 218 533 536 557 292 147 594 390 464 656 243 832 254 11 543 93 182 19 190 620 228 317 110 530 659 823 327 332 147 205 208 316 833 457 564 346 653 767 538 71 138 2 181 761 309 357 788 513 129 139 66 306 634 684 
297 x 168 326 331 254 499 304 208 121 390 209 68 392 274 218 366 7 211 132 355 48 327 348 176 196 41 345 140 256 116 303 142 79 236 239 260 5 444 297 93 167 359 54 535 43 308 246 204 115 278 107 323 69 20 407 233 362 526 30 35 150 92 89 19 536 160 267 49 356 470 241 368 435 299 116 464 12 60 491 216 168 436 363 9 337 387 
465 168 x 158 499 86 331 472 40 47 222 377 236 224 442 50 198 175 379 300 523 120 159 180 8 28 209 513 28 88 52 471 26 247 68 71 92 173 612 129 75 1 191 222 367 211 476 78 372 283 446 275 155 237 148 575 65 194 358 138 133 318 260 257 149 368 8 99 119 188 302 73 536 603 467 284 296 156 108 323 48 336 604 531 159 169 219 
623 326 158 x 657 72 173 630 118 205 64 535 394 66 600 108 40 333 537 458 681 278 1 22 150 130 367 671 186 70 210 629 184 405 90 87 66 331 770 29 233 159 33 380 209 369 634 80 530 441 604 433 3 395 306 733 93 36 200 296 291 476 418 415 307 210 166 59 277 30 144 85 694 761 625 442 138 314 266 165 110 494 762 689 317 11 61 
34 331 499 657 x 585 830 27 539 452 721 122 263 723 57 549 697 324 120 199 24 379 658 679 507 527 290 14 471 587 447 28 473 252 567 570 591 326 113 628 424 498 690 277 866 288 23 577 127 216 53 224 654 262 351 76 564 693 857 361 366 181 239 242 350 867 491 598 380 687 801 572 37 104 32 215 795 343 391 822 547 163 105 32 340 668 718 
551 254 86 72 585 x 245 558 46 133 136 463 322 138 528 36 112 261 465 386 609 206 73 94 78 58 295 599 114 2 138 557 112 333 18 15 6 259 698 43 161 87 105 308 281 297 562 8 458 369 532 361 69 323 234 661 21 108 272 224 219 404 346 343 235 282 94 13 205 102 216 13 622 689 553 370 210 242 194 237 38 422 690 617 245 83 133 
796 499 331 173 830 245 x 803 291 378 109 708 567 107 773 281 133 506 710 631 854 451 172 151 323 303 540 844 359 243 383 802 357 578 263 260 239 504 943 202 406 332 140 553 36 542 807 253 703 614 777 606 176 568 479 906 266 137 27 469 464 649 591 588 480 37 339 232 450 143 29 258 867 934 798 615 35 487 439 8 283 667 935 862 490 162 112 
7 304 472 630 27 558 803 x 512 425 694 95 236 696 30 522 670 297 93 172 51 352 631 652 480 500 263 41 444 560 420 1 446 225 540 543 564 299 140 601 397 471 663 250 839 261 4 550 100 189 26 197 627 235 324 103 537 666 830 334 339 154 212 215 323 840 464 571 353 660 774 545 64 131 5 188 768 316 364 795 520 136 132 59 313 641 691 
505 208 40 118 539 46 291 512 x 87 182 417 276 184 482 10 158 215 419 340 563 160 119 140 32 12 249 553 68 48 92 511 66 287 28 31 52 213 652 89 115 41 151 262 327 251 516 38 412 323 486 315 115 277 188 615 25 154 318 178 173 358 300 297 189 328 48 59 159 148 262 33 576 643 507 324 256 196 148 283 8 376 644 571 199 129 179 
418 121 47 205 452 133 378 425 87 x 269 330 189 271 395 97 245 128 332 253 476 73 206 227 55 75 162 466 19 135 5 424 21 200 115 118 139 126 565 176 28 46 238 175 414 164 429 125 325 236 399 228 202 190 101 528 112 241 405 91 86 271 213 210 102 415 39 146 72 235 349 120 489 556 420 237 343 109 61 370 95 289 557 484 112 216 266 
687 390 222 64 721 136 109 694 182 269 x 599 458 2 664 172 24 397 601 522 745 342 63 42 214 194 431 735 250 134 274 693 248 469 154 151 130 395 834 93 297 223 31 444 145 433 698 144 594 505 668 497 67 459 370 797 157 28 136 360 355 540 482 479 371 146 230 123 341 34 80 149 758 825 689 506 74 378 330 101 174 558 826 753 381 53 3 
88 209 377 535 122 463 708 95 417 330 599 x 141 601 65 427 575 202 2 77 146 257 536 557 385 405 168 136 349 465 325 94 351 130 445 448 469 204 235 506 302 376 568 155 744 166 99 455 5 94 69 102 532 140 229 198 442 571 735 239 244 59 117 120 228 745 369 476 258 565 679 450 159 226 90 93 673 221 269 700 425 41 227 154 218 546 596 
229 68 236 394 263 322 567 236 276 189 458 141 x 460 206 286 434 61 143 64 287 116 395 416 244 264 27 277 208 324 184 235 210 11 304 307 328 63 376 365 161 235 427 14 603 25 240 314 136 47 210 39 391 1 88 339 301 430 594 98 103 82 24 21 87 604 228 335 117 424 538 309 300 367 231 48 532 80 128 559 284 100 368 295 77 405 455 
689 392 224 66 723 138 107 696 184 271 2 601 460 x 666 174 26 399 603 524 747 344 65 44 216 196 433 737 252 136 276 695 250 471 156 153 132 397 836 95 299 225 33 446 143 435 700 146 596 507 670 499 69 461 372 799 159 30 134 362 357 542 484 481 373 144 232 125 343 36 78 151 760 827 691 508 72 380 332 99 176 560 828 755 383 55 5 
23 274 442 600 57 528 773 30 482 395 664 65 206 666 x 492 640 267 63 142 81 322 601 622 450 470 233 71 414 530 390 29 416 195 510 513 534 269 170 571 367 441 633 220 809 231 34 520 70 159 4 167 597 205 294 133 507 636 800 304 309 124 182 185 293 810 434 541 323 630 744 515 94 161 25 158 738 286 334 765 490 106 162 89 283 611 661 
515 218 50 108 549 36 281 522 10 97 172 427 286 174 492 x 148 225 429 350 573 170 109 130 42 22 259 563 78 38 102 521 76 297 18 21 42 223 662 79 125 51 141 272 317 261 526 28 422 333 496 325 105 287 198 625 15 144 308 188 183 368 310 307 199 318 58 49 169 138 252 23 586 653 517 334 246 206 158 273 2 386 654 581 209 119 169 
663 366 198 40 697 112 133 670 158 245 24 575 434 26 640 148 x 373 577 498 721 318 39 18 190 170 407 711 226 110 250 669 224 445 130 127 106 371 810 69 273 199 7 420 169 409 674 120 570 481 644 473 43 435 346 773 133 4 160 336 331 516 458 455 347 170 206 99 317 10 104 125 734 801 665 482 98 354 306 125 150 534 802 729 357 29 21 
290 7 175 333 324 261 506 297 215 128 397 202 61 399 267 225 373 x 204 125 348 55 334 355 183 203 34 338 147 263 123 296 149 72 243 246 267 2 437 304 100 174 366 47 542 36 301 253 197 108 271 100 330 62 27 400 240 369 533 37 42 143 85 82 26 543 167 274 56 363 477 248 361 428 292 109 471 19 67 498 223 161 429 356 16 344 394 
86 211 379 537 120 465 710 93 419 332 601 2 143 603 63 429 577 204 x 79 144 259 538 559 387 407 170 134 351 467 327 92 353 132 447 450 471 206 233 508 304 378 570 157 746 168 97 457 7 96 67 104 534 142 231 196 444 573 737 241 246 61 119 122 230 747 371 478 260 567 681 452 157 224 88 95 675 223 271 702 427 43 225 152 220 548 598 
165 132 300 458 199 386 631 172 340 253 522 77 64 524 142 350 498 125 79 x 223 180 459 480 308 328 91 213 272 388 248 171 274 53 368 371 392 127 312 429 225 299 491 78 667 89 176 378 72 17 146 25 455 63 152 275 365 494 658 162 167 18 40 43 151 668 292 399 181 488 602 373 236 303 167 16 596 144 192 623 348 36 304 231 141 469 519 
58 355 523 681 24 609 854 51 563 476 745 146 287 747 81 573 721 348 144 223 x 403 682 703 531 551 314 10 495 611 471 52 497 276 591 594 615 350 89 652 448 522 714 301 890 312 47 601 151 240 77 248 678 286 375 52 588 717 881 385 390 205 263 266 374 891 515 622 404 711 825 596 13 80 56 239 819 367 415 846 571 187 81 8 364 692 742 
345 48 120 278 379 206 451 352 160 73 342 257 116 344 322 170 318 55 259 180 403 x 279 300 128 148 89 393 92 208 68 351 94 127 188 191 212 53 492 249 45 119 311 102 487 91 356 198 252 163 326 155 275 117 28 455 185 314 478 18 13 198 140 137 29 488 112 219 1 308 422 193 416 483 347 164 416 36 12 443 168 216 484 411 39 289 339 
624 327 159 1 658 73 172 631 119 206 63 536 395 65 601 109 39 334 538 459 682 279 x 21 151 131 368 672 187 71 211 630 185 406 91 88 67 332 771 30 234 160 32 381 208 370 635 81 531 442 605 434 4 396 307 734 94 35 199 297 292 477 419 416 308 209 167 60 278 29 143 86 695 762 626 443 137 315 267 164 111 495 763 690 318 10 60 
645 348 180 22 679 94 151 652 140 227 42 557 416 44 622 130 18 355 559 480 703 300 21 x 172 152 389 693 208 92 232 651 206 427 112 109 88 353 792 51 255 181 11 402 187 391 656 102 552 463 626 455 25 417 328 755 115 14 178 318 313 498 440 437 329 188 188 81 299 8 122 107 716 783 647 464 116 336 288 143 132 516 784 711 339 11 39 
473 176 8 150 507 78 323 480 32 55 214 385 244 216 450 42 190 183 387 308 531 128 151 172 x 20 217 521 36 80 60 479 34 255 60 63 84 181 620 121 83 9 183 230 359 219 484 70 380 291 454 283 147 245 156 583 57 186 350 146 141 326 268 265 157 360 16 91 127 180 294 65 544 611 475 292 288 164 116 315 40 344 612 539 167 161 211 
493 196 28 130 527 58 303 500 12 75 194 405 264 196 470 22 170 203 407 328 551 148 131 152 20 x 237 541 56 60 80 499 54 275 40 43 64 201 640 101 103 29 163 250 339 239 504 50 400 311 474 303 127 265 176 603 37 166 330 166 161 346 288 285 177 340 36 71 147 160 274 45 564 631 495 312 268 184 136 295 20 364 632 559 187 141 191 
256 41 209 367 290 295 540 263 249 162 431 168 27 433 233 259 407 34 170 91 314 89 368 389 217 237 x 304 181 297 157 262 183 38 277 280 301 36 403 338 134 208 400 13 576 2 267 287 163 74 237 66 364 28 61 366 274 403 567 71 76 109 51 48 60 577 201 308 90 397 511 282 327 394 258 75 505 53 101 532 257 127 395 322 50 378 428 
48 345 513 671 14 599 844 41 553 466 735 136 277 737 71 563 711 338 134 213 10 393 672 693 521 541 304 x 485 601 461 42 487 266 581 584 605 340 99 642 438 512 704 291 880 302 37 591 141 230 67 238 668 276 365 62 578 707 871 375 380 195 253 256 364 881 505 612 394 701 815 586 23 90 46 229 809 357 405 836 561 177 91 18 354 682 732 
437 140 28 186 471 114 359 444 68 19 250 349 208 252 414 78 226 147 351 272 495 92 187 208 36 56 181 485 x 116 24 443 2 219 96 99 120 145 584 157 47 27 219 194 395 183 448 106 344 255 418 247 183 209 120 547 93 222 386 110 105 290 232 229 121 396 20 127 91 216 330 101 508 575 439 256 324 128 80 351 76 308 576 503 131 197 247 
553 256 88 70 587 2 243 560 48 135 134 465 324 136 530 38 110 263 467 388 611 208 71 92 80 60 297 601 116 x 140 559 114 335 20 17 4 261 700 41 163 89 103 310 279 299 564 10 460 371 534 363 67 325 236 663 23 106 270 226 221 406 348 345 237 280 96 11 207 100 214 15 624 691 555 372 208 244 196 235 40 424 692 619 247 81 131 
413 116 52 210 447 138 383 420 92 5 274 325 184 276 390 102 250 123 327 248 471 68 211 232 60 80 157 461 24 140 x 419 26 195 120 123 144 121 560 181 23 51 243 170 419 159 424 130 320 231 394 223 207 185 96 523 117 246 410 86 81 266 208 205 97 420 44 151 67 240 354 125 484 551 415 232 348 104 56 375 100 284 552 479 107 221 271 
6 303 471 629 28 557 802 1 511 424 693 94 235 695 29 521 669 296 92 171 52 351 630 651 479 499 262 42 443 559 419 x 445 224 539 542 563 298 141 600 396 470 662 249 838 260 5 549 99 188 25 196 626 234 323 104 536 665 829 333 338 153 211 214 322 839 463 570 352 659 773 544 65 132 4 187 767 315 363 794 519 135 133 60 312 640 690 
439 142 26 184 473 112 357 446 66 21 248 351 210 250 416 76 224 149 353 274 497 94 185 206 34 54 183 487 2 114 26 445 x 221 94 97 118 147 586 155 49 25 217 196 393 185 450 104 346 257 420 249 181 211 122 549 91 220 384 112 107 292 234 231 123 394 18 125 93 214 328 99 510 577 441 258 322 130 82 349 74 310 578 505 133 195 245 
218 79 247 405 252 333 578 225 287 200 469 130 11 471 195 297 445 72 132 53 276 127 406 427 255 275 38 266 219 335 195 224 221 x 315 318 339 74 365 376 172 246 438 25 614 36 229 325 125 36 199 28 402 10 99 328 312 441 605 109 114 71 13 10 98 615 239 346 128 435 549 320 289 356 220 37 543 91 139 570 295 89 357 284 88 416 466 
533 236 68 90 567 18 263 540 28 115 154 445 304 156 510 18 130 243 447 368 591 188 91 112 60 40 277 581 96 20 120 539 94 315 x 3 24 241 680 61 143 69 123 290 299 279 544 10 440 351 514 343 87 305 216 643 3 126 290 206 201 386 328 325 217 300 76 31 187 120 234 5 604 671 535 352 228 224 176 255 20 404 672 599 227 101 151 
536 239 71 87 570 15 260 543 31 118 151 448 307 153 513 21 127 246 450 371 594 191 88 109 63 43 280 584 99 17 123 542 97 318 3 x 21 244 683 58 146 72 120 293 296 282 547 7 443 354 517 346 84 308 219 646 6 123 287 209 204 389 331 328 220 297 79 28 190 117 231 2 607 674 538 355 225 227 179 252 23 407 675 602 230 98 148 
557 260 92 66 591 6 239 564 52 139 130 469 328 132 534 42 106 267 471 392 615 212 67 88 84 64 301 605 120 4 144 563 118 339 24 21 x 265 704 37 167 93 99 314 275 303 568 14 464 375 538 367 63 329 240 667 27 102 266 230 225 410 352 349 241 276 100 7 211 96 210 19 628 695 559 376 204 248 200 231 44 428 696 623 251 77 127 
292 5 173 331 326 259 504 299 213 126 395 204 63 397 269 223 371 2 206 127 350 53 332 353 181 201 36 340 145 261 121 298 147 74 241 244 265 x 439 302 98 172 364 49 540 38 303 251 199 110 273 102 328 64 25 402 238 367 531 35 40 145 87 84 24 541 165 272 54 361 475 246 363 430 294 111 469 17 65 496 221 163 431 358 14 342 392 
147 444 612 770 113 698 943 140 652 565 834 235 376 836 170 662 810 437 233 312 89 492 771 792 620 640 403 99 584 700 560 141 586 365 680 683 704 439 x 741 537 611 803 390 979 401 136 690 240 329 166 337 767 375 464 37 677 806 970 474 479 294 352 355 463 980 604 711 493 800 914 685 76 9 145 328 908 456 504 935 660 276 8 81 453 781 831 
594 297 129 29 628 43 202 601 89 176 93 506 365 95 571 79 69 304 508 429 652 249 30 51 121 101 338 642 157 41 181 600 155 376 61 58 37 302 741 x 204 130 62 351 238 340 605 51 501 412 575 404 26 366 277 704 64 65 229 267 262 447 389 386 278 239 137 30 248 59 173 56 665 732 596 413 167 285 237 194 81 465 733 660 288 40 90 
390 93 75 233 424 161 406 397 115 28 297 302 161 299 367 125 273 100 304 225 448 45 234 255 83 103 134 438 47 163 23 396 49 172 143 146 167 98 537 204 x 74 266 147 442 136 401 153 297 208 371 200 230 162 73 500 140 269 433 63 58 243 185 182 74 443 67 174 44 263 377 148 461 528 392 209 371 81 33 398 123 261 529 456 84 244 294 
464 167 1 159 498 87 332 471 41 46 223 376 235 225 441 51 199 174 378 299 522 119 160 181 9 29 208 512 27 89 51 470 25 246 69 72 93 172 611 130 74 x 192 221 368 210 475 79 371 282 445 274 156 236 147 574 66 195 359 137 132 317 259 256 148 369 7 100 118 189 303 74 535 602 466 283 297 155 107 324 49 335 603 530 158 170 220 
656 359 191 33 690 105 140 663 151 238 31 568 427 33 633 141 7 366 570 491 714 311 32 11 183 163 400 704 219 103 243 662 217 438 123 120 99 364 803 62 266 192 x 413 176 402 667 113 563 474 637 466 36 428 339 766 126 3 167 329 324 509 451 448 340 177 199 92 310 3 111 118 727 794 658 475 105 347 299 132 143 527 795 722 350 22 28 
243 54 222 380 277 308 553 250 262 175 444 155 14 446 220 272 420 47 157 78 301 102 381 402 230 250 13 291 194 310 170 249 196 25 290 293 314 49 390 351 147 221 413 x 589 11 254 300 150 61 224 53 377 15 74 353 287 416 580 84 89 96 38 35 73 590 214 321 103 410 524 295 314 381 245 62 518 66 114 545 270 114 382 309 63 391 441 
832 535 367 209 866 281 36 839 327 414 145 744 603 143 809 317 169 542 746 667 890 487 208 187 359 339 576 880 395 279 419 838 393 614 299 296 275 540 979 238 442 368 176 589 x 578 843 289 739 650 813 642 212 604 515 942 302 173 9 505 500 685 627 624 516 1 375 268 486 179 65 294 903 970 834 651 71 523 475 44 319 703 971 898 526 198 148 
254 43 211 369 288 297 542 261 251 164 433 166 25 435 231 261 409 36 168 89 312 91 370 391 219 239 2 302 183 299 159 260 185 36 279 282 303 38 401 340 136 210 402 11 578 x 265 289 161 72 235 64 366 26 63 364 276 405 569 73 78 107 49 46 62 579 203 310 92 399 513 284 325 392 256 73 507 55 103 534 259 125 393 320 52 380 430 
11 308 476 634 23 562 807 4 516 429 698 99 240 700 34 526 674 301 97 176 47 356 635 656 484 504 267 37 448 564 424 5 450 229 544 547 568 303 136 605 401 475 667 254 843 265 x 554 104 193 30 201 631 239 328 99 541 670 834 338 343 158 216 219 327 844 468 575 357 664 778 549 60 127 9 192 772 320 368 799 524 140 128 55 317 645 695 
543 246 78 80 577 8 253 550 38 125 144 455 314 146 520 28 120 253 457 378 601 198 81 102 70 50 287 591 106 10 130 549 104 325 10 7 14 251 690 51 153 79 113 300 289 289 554 x 450 361 524 353 77 315 226 653 13 116 280 216 211 396 338 335 227 290 86 21 197 110 224 5 614 681 545 362 218 234 186 245 30 414 682 609 237 91 141 
93 204 372 530 127 458 703 100 412 325 594 5 136 596 70 422 570 197 7 72 151 252 531 552 380 400 163 141 344 460 320 99 346 125 440 443 464 199 240 501 297 371 563 150 739 161 104 450 x 89 74 97 527 135 224 203 437 566 730 234 239 54 112 115 223 740 364 471 253 560 674 445 164 231 95 88 668 216 264 695 420 36 232 159 213 541 591 
182 115 283 441 216 369 614 189 323 236 505 94 47 507 159 333 481 108 96 17 240 163 442 463 291 311 74 230 255 371 231 188 257 36 351 354 375 110 329 412 208 282 474 61 650 72 193 361 89 x 163 8 438 46 135 292 348 477 641 145 150 35 23 26 134 651 275 382 164 471 585 356 253 320 184 1 579 127 175 606 331 53 321 248 124 452 502 
19 278 446 604 53 532 777 26 486 399 668 69 210 670 4 496 644 271 67 146 77 326 605 626 454 474 237 67 418 534 394 25 420 199 514 517 538 273 166 575 371 445 637 224 813 235 30 524 74 163 x 171 601 209 298 129 511 640 804 308 313 128 186 189 297 814 438 545 327 634 748 519 90 157 21 162 742 290 338 769 494 110 158 85 287 615 665 
190 107 275 433 224 361 606 197 315 228 497 102 39 499 167 325 473 100 104 25 248 155 434 455 283 303 66 238 247 363 223 196 249 28 343 346 367 102 337 404 200 274 466 53 642 64 201 353 97 8 171 x 430 38 127 300 340 469 633 137 142 43 15 18 126 643 267 374 156 463 577 348 261 328 192 9 571 119 167 598 323 61 329 256 116 444 494 
620 323 155 3 654 69 176 627 115 202 67 532 391 69 597 105 43 330 534 455 678 275 4 25 147 127 364 668 183 67 207 626 181 402 87 84 63 328 767 26 230 156 36 377 212 366 631 77 527 438 601 430 x 392 303 730 90 39 203 293 288 473 415 412 304 213 163 56 274 33 147 82 691 758 622 439 141 311 263 168 107 491 759 686 314 14 64 
228 69 237 395 262 323 568 235 277 190 459 140 1 461 205 287 435 62 142 63 286 117 396 417 245 265 28 276 209 325 185 234 211 10 305 308 329 64 375 366 162 236 428 15 604 26 239 315 135 46 209 38 392 x 89 338 302 431 595 99 104 81 23 20 88 605 229 336 118 425 539 310 299 366 230 47 533 81 129 560 285 99 367 294 78 406 456 
317 20 148 306 351 234 479 324 188 101 370 229 88 372 294 198 346 27 231 152 375 28 307 328 156 176 61 365 120 236 96 323 122 99 216 219 240 25 464 277 73 147 339 74 515 63 328 226 224 135 298 127 303 89 x 427 213 342 506 10 15 170 112 109 1 516 140 247 29 336 450 221 388 455 319 136 444 8 40 471 196 188 456 383 11 317 367 
110 407 575 733 76 661 906 103 615 528 797 198 339 799 133 625 773 400 196 275 52 455 734 755 583 603 366 62 547 663 523 104 549 328 643 646 667 402 37 704 500 574 766 353 942 364 99 653 203 292 129 300 730 338 427 x 640 769 933 437 442 257 315 318 426 943 567 674 456 763 877 648 39 28 108 291 871 419 467 898 623 239 29 44 416 744 794 
530 233 65 93 564 21 266 537 25 112 157 442 301 159 507 15 133 240 444 365 588 185 94 115 57 37 274 578 93 23 117 536 91 312 3 6 27 238 677 64 140 66 126 287 302 276 541 13 437 348 511 340 90 302 213 640 x 129 293 203 198 383 325 322 214 303 73 34 184 123 237 8 601 668 532 349 231 221 173 258 17 401 669 596 224 104 154 
659 362 194 36 693 108 137 666 154 241 28 571 430 30 636 144 4 369 573 494 717 314 35 14 186 166 403 707 222 106 246 665 220 441 126 123 102 367 806 65 269 195 3 416 173 405 670 116 566 477 640 469 39 431 342 769 129 x 164 332 327 512 454 451 343 174 202 95 313 6 108 121 730 797 661 478 102 350 302 129 146 530 798 725 353 25 25 
823 526 358 200 857 272 27 830 318 405 136 735 594 134 800 308 160 533 737 658 881 478 199 178 350 330 567 871 386 270 410 829 384 605 290 287 266 531 970 229 433 359 167 580 9 569 834 280 730 641 804 633 203 595 506 933 293 164 x 496 491 676 618 615 507 10 366 259 477 170 56 285 894 961 825 642 62 514 466 35 310 694 962 889 517 189 139 
327 30 138 296 361 224 469 334 178 91 360 239 98 362 304 188 336 37 241 162 385 18 297 318 146 166 71 375 110 226 86 333 112 109 206 209 230 35 474 267 63 137 329 84 505 73 338 216 234 145 308 137 293 99 10 437 203 332 496 x 5 180 122 119 11 506 130 237 19 326 440 211 398 465 329 146 434 18 30 461 186 198 466 393 21 307 357 
332 35 133 291 366 219 464 339 173 86 355 244 103 357 309 183 331 42 246 167 390 13 292 313 141 161 76 380 105 221 81 338 107 114 201 204 225 40 479 262 58 132 324 89 500 78 343 211 239 150 313 142 288 104 15 442 198 327 491 5 x 185 127 124 16 501 125 232 14 321 435 206 403 470 334 151 429 23 25 456 181 203 471 398 26 302 352 
147 150 318 476 181 404 649 154 358 271 540 59 82 542 124 368 516 143 61 18 205 198 477 498 326 346 109 195 290 406 266 153 292 71 386 389 410 145 294 447 243 317 509 96 685 107 158 396 54 35 128 43 473 81 170 257 383 512 676 180 185 x 58 61 169 686 310 417 199 506 620 391 218 285 149 34 614 162 210 641 366 18 286 213 159 487 537 
205 92 260 418 239 346 591 212 300 213 482 117 24 484 182 310 458 85 119 40 263 140 419 440 268 288 51 253 232 348 208 211 234 13 328 331 352 87 352 389 185 259 451 38 627 49 216 338 112 23 186 15 415 23 112 315 325 454 618 122 127 58 x 3 111 628 252 359 141 448 562 333 276 343 207 24 556 104 152 583 308 76 344 271 101 429 479 
208 89 257 415 242 343 588 215 297 210 479 120 21 481 185 307 455 82 122 43 266 137 416 437 265 285 48 256 229 345 205 214 231 10 325 328 349 84 355 386 182 256 448 35 624 46 219 335 115 26 189 18 412 20 109 318 322 451 615 119 124 61 3 x 108 625 249 356 138 445 559 330 279 346 210 27 553 101 149 580 305 79 347 274 98 426 476 
316 19 149 307 350 235 480 323 189 102 371 228 87 373 293 199 347 26 230 151 374 29 308 329 157 177 60 364 121 237 97 322 123 98 217 220 241 24 463 278 74 148 340 73 516 62 327 227 223 134 297 126 304 88 1 426 214 343 507 11 16 169 111 108 x 517 141 248 30 337 451 222 387 454 318 135 445 7 41 472 197 187 455 382 10 318 368 
833 536 368 210 867 282 37 840 328 415 146 745 604 144 810 318 170 543 747 668 891 488 209 188 360 340 577 881 396 280 420 839 394 615 300 297 276 541 980 239 443 369 177 590 1 579 844 290 740 651 814 643 213 605 516 943 303 174 10 506 501 686 628 625 517 x 376 269 487 180 66 295 904 971 835 652 72 524 476 45 320 704 972 899 527 199 149 
457 160 8 166 491 94 339 464 48 39 230 369 228 232 434 58 206 167 371 292 515 112 167 188 16 36 201 505 20 96 44 463 18 239 76 79 100 165 604 137 67 7 199 214 375 203 468 86 364 275 438 267 163 229 140 567 73 202 366 130 125 310 252 249 141 376 x 107 111 196 310 81 528 595 459 276 304 148 100 331 56 328 596 523 151 177 227 
564 267 99 59 598 13 232 571 59 146 123 476 335 125 541 49 99 274 478 399 622 219 60 81 91 71 308 612 127 11 151 570 125 346 31 28 7 272 711 30 174 100 92 321 268 310 575 21 471 382 545 374 56 336 247 674 34 95 259 237 232 417 359 356 248 269 107 x 218 89 203 26 635 702 566 383 197 255 207 224 51 435 703 630 258 70 120 
346 49 119 277 380 205 450 353 159 72 341 258 117 343 323 169 317 56 260 181 404 1 278 299 127 147 90 394 91 207 67 352 93 128 187 190 211 54 493 248 44 118 310 103 486 92 357 197 253 164 327 156 274 118 29 456 184 313 477 19 14 199 141 138 30 487 111 218 x 307 421 192 417 484 348 165 415 37 11 442 167 217 485 412 40 288 338 
653 356 188 30 687 102 143 660 148 235 34 565 424 36 630 138 10 363 567 488 711 308 29 8 180 160 397 701 216 100 240 659 214 435 120 117 96 361 800 59 263 189 3 410 179 399 664 110 560 471 634 463 33 425 336 763 123 6 170 326 321 506 448 445 337 180 196 89 307 x 114 115 724 791 655 472 108 344 296 135 140 524 792 719 347 19 31 
767 470 302 144 801 216 29 774 262 349 80 679 538 78 744 252 104 477 681 602 825 422 143 122 294 274 511 815 330 214 354 773 328 549 234 231 210 475 914 173 377 303 111 524 65 513 778 224 674 585 748 577 147 539 450 877 237 108 56 440 435 620 562 559 451 66 310 203 421 114 x 229 838 905 769 586 6 458 410 21 254 638 906 833 461 133 83 
538 241 73 85 572 13 258 545 33 120 149 450 309 151 515 23 125 248 452 373 596 193 86 107 65 45 282 586 101 15 125 544 99 320 5 2 19 246 685 56 148 74 118 295 294 284 549 5 445 356 519 348 82 310 221 648 8 121 285 211 206 391 333 330 222 295 81 26 192 115 229 x 609 676 540 357 223 229 181 250 25 409 677 604 232 96 146 
71 368 536 694 37 622 867 64 576 489 758 159 300 760 94 586 734 361 157 236 13 416 695 716 544 564 327 23 508 624 484 65 510 289 604 607 628 363 76 665 461 535 727 314 903 325 60 614 164 253 90 261 691 299 388 39 601 730 894 398 403 218 276 279 387 904 528 635 417 724 838 609 x 67 69 252 832 380 428 859 584 200 68 5 377 705 755 
138 435 603 761 104 689 934 131 643 556 825 226 367 827 161 653 801 428 224 303 80 483 762 783 611 631 394 90 575 691 551 132 577 356 671 674 695 430 9 732 528 602 794 381 970 392 127 681 231 320 157 328 758 366 455 28 668 797 961 465 470 285 343 346 454 971 595 702 484 791 905 676 67 x 136 319 899 447 495 926 651 267 1 72 444 772 822 
2 299 467 625 32 553 798 5 507 420 689 90 231 691 25 517 665 292 88 167 56 347 626 647 475 495 258 46 439 555 415 4 441 220 535 538 559 294 145 596 392 466 658 245 834 256 9 545 95 184 21 192 622 230 319 108 532 661 825 329 334 149 207 210 318 835 459 566 348 655 769 540 69 136 x 183 763 311 359 790 515 131 137 64 308 636 686 
181 116 284 442 215 370 615 188 324 237 506 93 48 508 158 334 482 109 95 16 239 164 443 464 292 312 75 229 256 372 232 187 258 37 352 355 376 111 328 413 209 283 475 62 651 73 192 362 88 1 162 9 439 47 136 291 349 478 642 146 151 34 24 27 135 652 276 383 165 472 586 357 252 319 183 x 580 128 176 607 332 52 320 247 125 453 503 
761 464 296 138 795 210 35 768 256 343 74 673 532 72 738 246 98 471 675 596 819 416 137 116 288 268 505 809 324 208 348 767 322 543 228 225 204 469 908 167 371 297 105 518 71 507 772 218 668 579 742 571 141 533 444 871 231 102 62 434 429 614 556 553 445 72 304 197 415 108 6 223 832 899 763 580 x 452 404 27 248 632 900 827 455 127 77 
309 12 156 314 343 242 487 316 196 109 378 221 80 380 286 206 354 19 223 144 367 36 315 336 164 184 53 357 128 244 104 315 130 91 224 227 248 17 456 285 81 155 347 66 523 55 320 234 216 127 290 119 311 81 8 419 221 350 514 18 23 162 104 101 7 524 148 255 37 344 458 229 380 447 311 128 452 x 48 479 204 180 448 375 3 325 375 
357 60 108 266 391 194 439 364 148 61 330 269 128 332 334 158 306 67 271 192 415 12 267 288 116 136 101 405 80 196 56 363 82 139 176 179 200 65 504 237 33 107 299 114 475 103 368 186 264 175 338 167 263 129 40 467 173 302 466 30 25 210 152 149 41 476 100 207 11 296 410 181 428 495 359 176 404 48 x 431 156 228 496 423 51 277 327 
788 491 323 165 822 237 8 795 283 370 101 700 559 99 765 273 125 498 702 623 846 443 164 143 315 295 532 836 351 235 375 794 349 570 255 252 231 496 935 194 398 324 132 545 44 534 799 245 695 606 769 598 168 560 471 898 258 129 35 461 456 641 583 580 472 45 331 224 442 135 21 250 859 926 790 607 27 479 431 x 275 659 927 854 482 154 104 
513 216 48 110 547 38 283 520 8 95 174 425 284 176 490 2 150 223 427 348 571 168 111 132 40 20 257 561 76 40 100 519 74 295 20 23 44 221 660 81 123 49 143 270 319 259 524 30 420 331 494 323 107 285 196 623 17 146 310 186 181 366 308 305 197 320 56 51 167 140 254 25 584 651 515 332 248 204 156 275 x 384 652 579 207 121 171 
129 168 336 494 163 422 667 136 376 289 558 41 100 560 106 386 534 161 43 36 187 216 495 516 344 364 127 177 308 424 284 135 310 89 404 407 428 163 276 465 261 335 527 114 703 125 140 414 36 53 110 61 491 99 188 239 401 530 694 198 203 18 76 79 187 704 328 435 217 524 638 409 200 267 131 52 632 180 228 659 384 x 268 195 177 505 555 
139 436 604 762 105 690 935 132 644 557 826 227 368 828 162 654 802 429 225 304 81 484 763 784 612 632 395 91 576 692 552 133 578 357 672 675 696 431 8 733 529 603 795 382 971 393 128 682 232 321 158 329 759 367 456 29 669 798 962 466 471 286 344 347 455 972 596 703 485 792 906 677 68 1 137 320 900 448 496 927 652 268 x 73 445 773 823 
66 363 531 689 32 617 862 59 571 484 753 154 295 755 89 581 729 356 152 231 8 411 690 711 539 559 322 18 503 619 479 60 505 284 599 602 623 358 81 660 456 530 722 309 898 320 55 609 159 248 85 256 686 294 383 44 596 725 889 393 398 213 271 274 382 899 523 630 412 719 833 604 5 72 64 247 827 375 423 854 579 195 73 x 372 700 750 
306 9 159 317 340 245 490 313 199 112 381 218 77 383 283 209 357 16 220 141 364 39 318 339 167 187 50 354 131 247 107 312 133 88 227 230 251 14 453 288 84 158 350 63 526 52 317 237 213 124 287 116 314 78 11 416 224 353 517 21 26 159 101 98 10 527 151 258 40 347 461 232 377 444 308 125 455 3 51 482 207 177 445 372 x 328 378 
634 337 169 11 668 83 162 641 129 216 53 546 405 55 611 119 29 344 548 469 692 289 10 11 161 141 378 682 197 81 221 640 195 416 101 98 77 342 781 40 244 170 22 391 198 380 645 91 541 452 615 444 14 406 317 744 104 25 189 307 302 487 429 426 318 199 177 70 288 19 133 96 705 772 636 453 127 325 277 154 121 505 773 700 328 x 50 
684 387 219 61 718 133 112 691 179 266 3 596 455 5 661 169 21 394 598 519 742 339 60 39 211 191 428 732 247 131 271 690 245 466 151 148 127 392 831 90 294 220 28 441 148 430 695 141 591 502 665 494 64 456 367 794 154 25 139 357 352 537 479 476 368 149 227 120 338 31 83 146 755 822 686 503 77 375 327 104 171 555 823 750 378 50 x 
