99
50
location0 location1 location2 location3 location4 location5 location6 location7 location8 location9 location10 location11 location12 location13 location14 location15 location16 location17 location18 location19 location20 location21 location22 location23 location24 location25 location26 location27 location28 location29 location30 location31 location32 location33 location34 location35 location36 location37 location38 location39 location40 location41 location42 location43 location44 location45 location46 location47 location48 location49 location50 location51 location52 location53 location54 location55 location56 location57 location58 location59 location60 location61 location62 location63 location64 location65 location66 location67 location68 location69 location70 location71 location72 location73 location74 location75 location76 location77 location78 location79 location80 location81 location82 location83 location84 location85 location86 location87 location88 location89 location90 location91 location92 location93 location94 location95 location96 location97 location98 
location0 location1 location2 location3 location4 location5 location6 location8 location9 location10 location11 location12 location14 location15 location16 location18 location19 location20 location21 location23 location24 location25 location27 location28 location29 location30 location31 location34 location35 location37 location38 location40 location41 location42 location43 location44 location45 location46 location47 location49 location51 location52 location53 location54 location56 location57 location58 location60 location61 location62 
location73
x 868 93 383 568 36 663 12 121 623 876 305 5 767 553 150 452 769 27 168 737 806 545 222 887 608 882 824 734 901 61 483 229 728 72 871 102 55 312 523 112 415 376 51 378 814 718 215 448 173 167 128 419 218 784 82 498 311 232 422 495 16 706 788 864 554 292 18 113 31 285 665 13 90 325 180 583 482 147 853 86 21 193 793 559 238 190 204 388 317 661 739 478 643 505 52 794 80 8 
868 x 775 485 300 832 205 856 747 245 8 563 873 101 315 718 416 99 895 700 131 62 323 646 19 260 14 44 134 33 807 385 639 140 796 3 766 923 556 345 756 453 492 817 490 54 150 653 420 695 701 740 449 650 84 950 370 557 636 446 373 884 162 80 4 314 576 850 755 899 583 203 855 778 543 688 285 386 721 15 782 889 675 75 309 630 678 664 480 551 207 129 390 225 363 816 74 948 860 
93 775 x 290 475 57 570 81 28 530 783 212 98 674 460 57 359 676 120 75 644 713 452 129 794 515 789 731 641 808 32 390 136 635 21 778 9 148 219 430 19 322 283 42 285 721 625 122 355 80 74 35 326 125 691 175 405 218 139 329 402 109 613 695 771 461 199 75 20 124 192 572 80 3 232 87 490 389 54 760 7 114 100 700 466 145 97 111 295 224 568 646 385 550 412 41 701 173 85 
383 485 290 x 185 347 280 371 262 240 493 78 388 384 170 233 69 386 410 215 354 423 162 161 504 225 499 441 351 518 322 100 154 345 311 488 281 438 71 140 271 32 7 332 5 431 335 168 65 210 216 255 36 165 401 465 115 72 151 39 112 399 323 405 481 171 91 365 270 414 98 282 370 293 58 203 200 99 236 470 297 404 190 410 176 145 193 179 5 66 278 356 95 260 122 331 411 463 375 
568 300 475 185 x 532 95 556 447 55 308 263 573 199 15 418 116 201 595 400 169 238 23 346 319 40 314 256 166 333 507 85 339 160 496 303 466 623 256 45 456 153 192 517 190 246 150 353 120 395 401 440 149 350 216 650 70 257 336 146 73 584 138 220 296 14 276 550 455 599 283 97 555 478 243 388 15 86 421 285 482 589 375 225 9 330 378 364 180 251 93 171 90 75 63 516 226 648 560 
36 832 57 347 532 x 627 24 85 587 840 269 41 731 517 114 416 733 63 132 701 770 509 186 851 572 846 788 698 865 25 447 193 692 36 835 66 91 276 487 76 379 340 15 342 778 682 179 412 137 131 92 383 182 748 118 462 275 196 386 459 52 670 752 828 518 256 18 77 67 249 629 23 54 289 144 547 446 111 817 50 57 157 757 523 202 154 168 352 281 625 703 442 607 469 16 758 116 28 
663 205 570 280 95 627 x 651 542 40 213 358 668 104 110 513 211 106 690 495 74 143 118 441 224 55 219 161 71 238 602 180 434 65 591 208 561 718 351 140 551 248 287 612 285 151 55 448 215 490 496 535 244 445 121 745 165 352 431 241 168 679 43 125 201 109 371 645 550 694 378 2 650 573 338 483 80 181 516 190 577 684 470 130 104 425 473 459 275 346 2 76 185 20 158 611 131 743 655 
12 856 81 371 556 24 651 x 109 611 864 293 17 755 541 138 440 757 39 156 725 794 533 210 875 596 870 812 722 889 49 471 217 716 60 859 90 67 300 511 100 403 364 39 366 802 706 203 436 161 155 116 407 206 772 94 486 299 220 410 483 28 694 776 852 542 280 6 101 43 273 653 1 78 313 168 571 470 135 841 74 33 181 781 547 226 178 192 376 305 649 727 466 631 493 40 782 92 4 
121 747 28 262 447 85 542 109 x 502 755 184 126 646 432 29 331 648 148 47 616 685 424 101 766 487 761 703 613 780 60 362 108 607 49 750 19 176 191 402 9 294 255 70 257 693 597 94 327 52 46 7 298 97 663 203 377 190 111 301 374 137 585 667 743 433 171 103 8 152 164 544 108 31 204 59 462 361 26 732 35 142 72 672 438 117 69 83 267 196 540 618 357 522 384 69 673 201 113 
623 245 530 240 55 587 40 611 502 x 253 318 628 144 70 473 171 146 650 455 114 183 78 401 264 15 259 201 111 278 562 140 394 105 551 248 521 678 311 100 511 208 247 572 245 191 95 408 175 450 456 495 204 405 161 705 125 312 391 201 128 639 83 165 241 69 331 605 510 654 338 42 610 533 298 443 40 141 476 230 537 644 430 170 64 385 433 419 235 306 38 116 145 20 118 571 171 703 615 
876 8 783 493 308 840 213 864 755 253 x 571 881 109 323 726 424 107 903 708 139 70 331 654 11 268 6 52 142 25 815 393 647 148 804 5 774 931 564 353 764 461 500 825 498 62 158 661 428 703 709 748 457 658 92 958 378 565 644 454 381 892 170 88 12 322 584 858 763 907 591 211 863 786 551 696 293 394 729 23 790 897 683 83 317 638 686 672 488 559 215 137 398 233 371 824 82 956 868 
305 563 212 78 263 269 358 293 184 318 571 x 310 462 248 155 147 464 332 137 432 501 240 83 582 303 577 519 429 596 244 178 76 423 233 566 203 360 7 218 193 110 71 254 73 509 413 90 143 132 138 177 114 87 479 387 193 6 73 117 190 321 401 483 559 249 13 287 192 336 20 360 292 215 20 125 278 177 158 548 219 326 112 488 254 67 115 101 83 12 356 434 173 338 200 253 489 385 297 
5 873 98 388 573 41 668 17 126 628 881 310 x 772 558 155 457 774 22 173 742 811 550 227 892 613 887 829 739 906 66 488 234 733 77 876 107 50 317 528 117 420 381 56 383 819 723 220 453 178 172 133 424 223 789 77 503 316 237 427 500 11 711 793 869 559 297 23 118 26 290 670 18 95 330 185 588 487 152 858 91 16 198 798 564 243 195 209 393 322 666 744 483 648 510 57 799 75 13 
767 101 674 384 199 731 104 755 646 144 109 462 772 x 214 617 315 2 794 599 30 39 222 545 120 159 115 57 33 134 706 284 538 39 695 104 665 822 455 244 655 352 391 716 389 47 49 552 319 594 600 639 348 549 17 849 269 456 535 345 272 783 61 21 97 213 475 749 654 798 482 102 754 677 442 587 184 285 620 86 681 788 574 26 208 529 577 563 379 450 106 28 289 124 262 715 27 847 759 
553 315 460 170 15 517 110 541 432 70 323 248 558 214 x 403 101 216 580 385 184 253 8 331 334 55 329 271 181 348 492 70 324 175 481 318 451 608 241 30 441 138 177 502 175 261 165 338 105 380 386 425 134 335 231 635 55 242 321 131 58 569 153 235 311 1 261 535 440 584 268 112 540 463 228 373 30 71 406 300 467 574 360 240 6 315 363 349 165 236 108 186 75 90 48 501 241 633 545 
150 718 57 233 418 114 513 138 29 473 726 155 155 617 403 x 302 619 177 18 587 656 395 72 737 458 732 674 584 751 89 333 79 578 78 721 48 205 162 373 38 265 226 99 228 664 568 65 298 23 17 22 269 68 634 232 348 161 82 272 345 166 556 638 714 404 142 132 37 181 135 515 137 60 175 30 433 332 3 703 64 171 43 643 409 88 40 54 238 167 511 589 328 493 355 98 644 230 142 
452 416 359 69 116 416 211 440 331 171 424 147 457 315 101 302 x 317 479 284 285 354 93 230 435 156 430 372 282 449 391 31 223 276 380 419 350 507 140 71 340 37 76 401 74 362 266 237 4 279 285 324 33 234 332 534 46 141 220 30 43 468 254 336 412 102 160 434 339 483 167 213 439 362 127 272 131 30 305 401 366 473 259 341 107 214 262 248 64 135 209 287 26 191 53 400 342 532 444 
769 99 676 386 201 733 106 757 648 146 107 464 774 2 216 619 317 x 796 601 32 37 224 547 118 161 113 55 35 132 708 286 540 41 697 102 667 824 457 246 657 354 393 718 391 45 51 554 321 596 602 641 350 551 15 851 271 458 537 347 274 785 63 19 95 215 477 751 656 800 484 104 756 679 444 589 186 287 622 84 683 790 576 24 210 531 579 565 381 452 108 30 291 126 264 717 25 849 761 
27 895 120 410 595 63 690 39 148 650 903 332 22 794 580 177 479 796 x 195 764 833 572 249 914 635 909 851 761 928 88 510 256 755 99 898 129 28 339 550 139 442 403 78 405 841 745 242 475 200 194 155 446 245 811 55 525 338 259 449 522 11 733 815 891 581 319 45 140 4 312 692 40 117 352 207 610 509 174 880 113 6 220 820 586 265 217 231 415 344 688 766 505 670 532 79 821 53 35 
168 700 75 215 400 132 495 156 47 455 708 137 173 599 385 18 284 601 195 x 569 638 377 54 719 440 714 656 566 733 107 315 61 560 96 703 66 223 144 355 56 247 208 117 210 646 550 47 280 5 1 40 251 50 616 250 330 143 64 254 327 184 538 620 696 386 124 150 55 199 117 497 155 78 157 12 415 314 21 685 82 189 25 625 391 70 22 36 220 149 493 571 310 475 337 116 626 248 160 
737 131 644 354 169 701 74 725 616 114 139 432 742 30 184 587 285 32 764 569 x 69 192 515 150 129 145 87 3 164 676 254 508 9 665 134 635 792 425 214 625 322 361 686 359 77 19 522 289 564 570 609 318 519 47 819 239 426 505 315 242 753 31 51 127 183 445 719 624 768 452 72 724 647 412 557 154 255 590 116 651 758 544 56 178 499 547 533 349 420 76 2 259 94 232 685 57 817 729 
806 62 713 423 238 770 143 794 685 183 70 501 811 39 253 656 354 37 833 638 69 x 261 584 81 198 76 18 72 95 745 323 577 78 734 65 704 861 494 283 694 391 430 755 428 8 88 591 358 633 639 678 387 588 22 888 308 495 574 384 311 822 100 18 58 252 514 788 693 837 521 141 793 716 481 626 223 324 659 47 720 827 613 13 247 568 616 602 418 489 145 67 328 163 301 754 12 886 798 
545 323 452 162 23 509 118 533 424 78 331 240 550 222 8 395 93 224 572 377 192 261 x 323 342 63 337 279 189 356 484 62 316 183 473 326 443 600 233 22 433 130 169 494 167 269 173 330 97 372 378 417 126 327 239 627 47 234 313 123 50 561 161 243 319 9 253 527 432 576 260 120 532 455 220 365 38 63 398 308 459 566 352 248 14 307 355 341 157 228 116 194 67 98 40 493 249 625 537 
222 646 129 161 346 186 441 210 101 401 654 83 227 545 331 72 230 547 249 54 515 584 323 x 665 386 660 602 512 679 161 261 7 506 150 649 120 277 90 301 110 193 154 171 156 592 496 7 226 49 55 94 197 4 562 304 276 89 10 200 273 238 484 566 642 332 70 204 109 253 63 443 209 132 103 42 361 260 75 631 136 243 29 571 337 16 32 18 166 95 439 517 256 421 283 170 572 302 214 
887 19 794 504 319 851 224 875 766 264 11 582 892 120 334 737 435 118 914 719 150 81 342 665 x 279 5 63 153 14 826 404 658 159 815 16 785 942 575 364 775 472 511 836 509 73 169 672 439 714 720 759 468 669 103 969 389 576 655 465 392 903 181 99 23 333 595 869 774 918 602 222 874 797 562 707 304 405 740 34 801 908 694 94 328 649 697 683 499 570 226 148 409 244 382 835 93 967 879 
608 260 515 225 40 572 55 596 487 15 268 303 613 159 55 458 156 161 635 440 129 198 63 386 279 x 274 216 126 293 547 125 379 120 536 263 506 663 296 85 496 193 232 557 230 206 110 393 160 435 441 480 189 390 176 690 110 297 376 186 113 624 98 180 256 54 316 590 495 639 323 57 595 518 283 428 25 126 461 245 522 629 415 185 49 370 418 404 220 291 53 131 130 35 103 556 186 688 600 
882 14 789 499 314 846 219 870 761 259 6 577 887 115 329 732 430 113 909 714 145 76 337 660 5 274 x 58 148 19 821 399 653 154 810 11 780 937 570 359 770 467 506 831 504 68 164 667 434 709 715 754 463 664 98 964 384 571 650 460 387 898 176 94 18 328 590 864 769 913 597 217 869 792 557 702 299 400 735 29 796 903 689 89 323 644 692 678 494 565 221 143 404 239 377 830 88 962 874 
824 44 731 441 256 788 161 812 703 201 52 519 829 57 271 674 372 55 851 656 87 18 279 602 63 216 58 x 90 77 763 341 595 96 752 47 722 879 512 301 712 409 448 773 446 10 106 609 376 651 657 696 405 606 40 906 326 513 592 402 329 840 118 36 40 270 532 806 711 855 539 159 811 734 499 644 241 342 677 29 738 845 631 31 265 586 634 620 436 507 163 85 346 181 319 772 30 904 816 
734 134 641 351 166 698 71 722 613 111 142 429 739 33 181 584 282 35 761 566 3 72 189 512 153 126 148 90 x 167 673 251 505 6 662 137 632 789 422 211 622 319 358 683 356 80 16 519 286 561 567 606 315 516 50 816 236 423 502 312 239 750 28 54 130 180 442 716 621 765 449 69 721 644 409 554 151 252 587 119 648 755 541 59 175 496 544 530 346 417 73 5 256 91 229 682 60 814 726 
901 33 808 518 333 865 238 889 780 278 25 596 906 134 348 751 449 132 928 733 164 95 356 679 14 293 19 77 167 x 840 418 672 173 829 30 799 956 589 378 789 486 525 850 523 87 183 686 453 728 734 773 482 683 117 983 403 590 669 479 406 917 195 113 37 347 609 883 788 932 616 236 888 811 576 721 318 419 754 48 815 922 708 108 342 663 711 697 513 584 240 162 423 258 396 849 107 981 893 
61 807 32 322 507 25 602 49 60 562 815 244 66 706 492 89 391 708 88 107 676 745 484 161 826 547 821 763 673 840 x 422 168 667 11 810 41 116 251 462 51 354 315 10 317 753 657 154 387 112 106 67 358 157 723 143 437 250 171 361 434 77 645 727 803 493 231 43 52 92 224 604 48 29 264 119 522 421 86 792 25 82 132 732 498 177 129 143 327 256 600 678 417 582 444 9 733 141 53 
483 385 390 100 85 447 180 471 362 140 393 178 488 284 70 333 31 286 510 315 254 323 62 261 404 125 399 341 251 418 422 x 254 245 411 388 381 538 171 40 371 68 107 432 105 331 235 268 35 310 316 355 64 265 301 565 15 172 251 61 12 499 223 305 381 71 191 465 370 514 198 182 470 393 158 303 100 1 336 370 397 504 290 310 76 245 293 279 95 166 178 256 5 160 22 431 311 563 475 
229 639 136 154 339 193 434 217 108 394 647 76 234 538 324 79 223 540 256 61 508 577 316 7 658 379 653 595 505 672 168 254 x 499 157 642 127 284 83 294 117 186 147 178 149 585 489 14 219 56 62 101 190 11 555 311 269 82 3 193 266 245 477 559 635 325 63 211 116 260 56 436 216 139 96 49 354 253 82 624 143 250 36 564 330 9 39 25 159 88 432 510 249 414 276 177 565 309 221 
728 140 635 345 160 692 65 716 607 105 148 423 733 39 175 578 276 41 755 560 9 78 183 506 159 120 154 96 6 173 667 245 499 x 656 143 626 783 416 205 616 313 352 677 350 86 10 513 280 555 561 600 309 510 56 810 230 417 496 306 233 744 22 60 136 174 436 710 615 759 443 63 715 638 403 548 145 246 581 125 642 749 535 65 169 490 538 524 340 411 67 11 250 85 223 676 66 808 720 
72 796 21 311 496 36 591 60 49 551 804 233 77 695 481 78 380 697 99 96 665 734 473 150 815 536 810 752 662 829 11 411 157 656 x 799 30 127 240 451 40 343 304 21 306 742 646 143 376 101 95 56 347 146 712 154 426 239 160 350 423 88 634 716 792 482 220 54 41 103 213 593 59 18 253 108 511 410 75 781 14 93 121 721 487 166 118 132 316 245 589 667 406 571 433 20 722 152 64 
871 3 778 488 303 835 208 859 750 248 5 566 876 104 318 721 419 102 898 703 134 65 326 649 16 263 11 47 137 30 810 388 642 143 799 x 769 926 559 348 759 456 495 820 493 57 153 656 423 698 704 743 452 653 87 953 373 560 639 449 376 887 165 83 7 317 579 853 758 902 586 206 858 781 546 691 288 389 724 18 785 892 678 78 312 633 681 667 483 554 210 132 393 228 366 819 77 951 863 
102 766 9 281 466 66 561 90 19 521 774 203 107 665 451 48 350 667 129 66 635 704 443 120 785 506 780 722 632 799 41 381 127 626 30 769 x 157 210 421 10 313 274 51 276 712 616 113 346 71 65 26 317 116 682 184 396 209 130 320 393 118 604 686 762 452 190 84 11 133 183 563 89 12 223 78 481 380 45 751 16 123 91 691 457 136 88 102 286 215 559 637 376 541 403 50 692 182 94 
55 923 148 438 623 91 718 67 176 678 931 360 50 822 608 205 507 824 28 223 792 861 600 277 942 663 937 879 789 956 116 538 284 783 127 926 157 x 367 578 167 470 431 106 433 869 773 270 503 228 222 183 474 273 839 27 553 366 287 477 550 39 761 843 919 609 347 73 168 24 340 720 68 145 380 235 638 537 202 908 141 34 248 848 614 293 245 259 443 372 716 794 533 698 560 107 849 25 63 
312 556 219 71 256 276 351 300 191 311 564 7 317 455 241 162 140 457 339 144 425 494 233 90 575 296 570 512 422 589 251 171 83 416 240 559 210 367 x 211 200 103 64 261 66 502 406 97 136 139 145 184 107 94 472 394 186 1 80 110 183 328 394 476 552 242 20 294 199 343 27 353 299 222 13 132 271 170 165 541 226 333 119 481 247 74 122 108 76 5 349 427 166 331 193 260 482 392 304 
523 345 430 140 45 487 140 511 402 100 353 218 528 244 30 373 71 246 550 355 214 283 22 301 364 85 359 301 211 378 462 40 294 205 451 348 421 578 211 x 411 108 147 472 145 291 195 308 75 350 356 395 104 305 261 605 25 212 291 101 28 539 183 265 341 31 231 505 410 554 238 142 510 433 198 343 60 41 376 330 437 544 330 270 36 285 333 319 135 206 138 216 45 120 18 471 271 603 515 
112 756 19 271 456 76 551 100 9 511 764 193 117 655 441 38 340 657 139 56 625 694 433 110 775 496 770 712 622 789 51 371 117 616 40 759 10 167 200 411 x 303 264 61 266 702 606 103 336 61 55 16 307 106 672 194 386 199 120 310 383 128 594 676 752 442 180 94 1 143 173 553 99 22 213 68 471 370 35 741 26 133 81 681 447 126 78 92 276 205 549 627 366 531 393 60 682 192 104 
415 453 322 32 153 379 248 403 294 208 461 110 420 352 138 265 37 354 442 247 322 391 130 193 472 193 467 409 319 486 354 68 186 313 343 456 313 470 103 108 303 x 39 364 37 399 303 200 33 242 248 287 4 197 369 497 83 104 183 7 80 431 291 373 449 139 123 397 302 446 130 250 402 325 90 235 168 67 268 438 329 436 222 378 144 177 225 211 27 98 246 324 63 228 90 363 379 495 407 
376 492 283 7 192 340 287 364 255 247 500 71 381 391 177 226 76 393 403 208 361 430 169 154 511 232 506 448 358 525 315 107 147 352 304 495 274 431 64 147 264 39 x 325 2 438 342 161 72 203 209 248 43 158 408 458 122 65 144 46 119 392 330 412 488 178 84 358 263 407 91 289 363 286 51 196 207 106 229 477 290 397 183 417 183 138 186 172 12 59 285 363 102 267 129 324 418 456 368 
51 817 42 332 517 15 612 39 70 572 825 254 56 716 502 99 401 718 78 117 686 755 494 171 836 557 831 773 683 850 10 432 178 677 21 820 51 106 261 472 61 364 325 x 327 763 667 164 397 122 116 77 368 167 733 133 447 260 181 371 444 67 655 737 813 503 241 33 62 82 234 614 38 39 274 129 532 431 96 802 35 72 142 742 508 187 139 153 337 266 610 688 427 592 454 1 743 131 43 
378 490 285 5 190 342 285 366 257 245 498 73 383 389 175 228 74 391 405 210 359 428 167 156 509 230 504 446 356 523 317 105 149 350 306 493 276 433 66 145 266 37 2 327 x 436 340 163 70 205 211 250 41 160 406 460 120 67 146 44 117 394 328 410 486 176 86 360 265 409 93 287 365 288 53 198 205 104 231 475 292 399 185 415 181 140 188 174 10 61 283 361 100 265 127 326 416 458 370 
814 54 721 431 246 778 151 802 693 191 62 509 819 47 261 664 362 45 841 646 77 8 269 592 73 206 68 10 80 87 753 331 585 86 742 57 712 869 502 291 702 399 438 763 436 x 96 599 366 641 647 686 395 596 30 896 316 503 582 392 319 830 108 26 50 260 522 796 701 845 529 149 801 724 489 634 231 332 667 39 728 835 621 21 255 576 624 610 426 497 153 75 336 171 309 762 20 894 806 
718 150 625 335 150 682 55 706 597 95 158 413 723 49 165 568 266 51 745 550 19 88 173 496 169 110 164 106 16 183 657 235 489 10 646 153 616 773 406 195 606 303 342 667 340 96 x 503 270 545 551 590 299 500 66 800 220 407 486 296 223 734 12 70 146 164 426 700 605 749 433 53 705 628 393 538 135 236 571 135 632 739 525 75 159 480 528 514 330 401 57 21 240 75 213 666 76 798 710 
215 653 122 168 353 179 448 203 94 408 661 90 220 552 338 65 237 554 242 47 522 591 330 7 672 393 667 609 519 686 154 268 14 513 143 656 113 270 97 308 103 200 161 164 163 599 503 x 233 42 48 87 204 3 569 297 283 96 17 207 280 231 491 573 649 339 77 197 102 246 70 450 202 125 110 35 368 267 68 638 129 236 22 578 344 23 25 11 173 102 446 524 263 428 290 163 579 295 207 
448 420 355 65 120 412 215 436 327 175 428 143 453 319 105 298 4 321 475 280 289 358 97 226 439 160 434 376 286 453 387 35 219 280 376 423 346 503 136 75 336 33 72 397 70 366 270 233 x 275 281 320 29 230 336 530 50 137 216 26 47 464 258 340 416 106 156 430 335 479 163 217 435 358 123 268 135 34 301 405 362 469 255 345 111 210 258 244 60 131 213 291 30 195 57 396 346 528 440 
173 695 80 210 395 137 490 161 52 450 703 132 178 594 380 23 279 596 200 5 564 633 372 49 714 435 709 651 561 728 112 310 56 555 101 698 71 228 139 350 61 242 203 122 205 641 545 42 275 x 6 45 246 45 611 255 325 138 59 249 322 189 533 615 691 381 119 155 60 204 112 492 160 83 152 7 410 309 26 680 87 194 20 620 386 65 17 31 215 144 488 566 305 470 332 121 621 253 165 
167 701 74 216 401 131 496 155 46 456 709 138 172 600 386 17 285 602 194 1 570 639 378 55 720 441 715 657 567 734 106 316 62 561 95 704 65 222 145 356 55 248 209 116 211 647 551 48 281 6 x 39 252 51 617 249 331 144 65 255 328 183 539 621 697 387 125 149 54 198 118 498 154 77 158 13 416 315 20 686 81 188 26 626 392 71 23 37 221 150 494 572 311 476 338 115 627 247 159 
128 740 35 255 440 92 535 116 7 495 748 177 133 639 425 22 324 641 155 40 609 678 417 94 759 480 754 696 606 773 67 355 101 600 56 743 26 183 184 395 16 287 248 77 250 686 590 87 320 45 39 x 291 90 656 210 370 183 104 294 367 144 578 660 736 426 164 110 15 159 157 537 115 38 197 52 455 354 19 725 42 149 65 665 431 110 62 76 260 189 533 611 350 515 377 76 666 208 120 
419 449 326 36 149 383 244 407 298 204 457 114 424 348 134 269 33 350 446 251 318 387 126 197 468 189 463 405 315 482 358 64 190 309 347 452 317 474 107 104 307 4 43 368 41 395 299 204 29 246 252 291 x 201 365 501 79 108 187 3 76 435 287 369 445 135 127 401 306 450 134 246 406 329 94 239 164 63 272 434 333 440 226 374 140 181 229 215 31 102 242 320 59 224 86 367 375 499 411 
218 650 125 165 350 182 445 206 97 405 658 87 223 549 335 68 234 551 245 50 519 588 327 4 669 390 664 606 516 683 157 265 11 510 146 653 116 273 94 305 106 197 158 167 160 596 500 3 230 45 51 90 201 x 566 300 280 93 14 204 277 234 488 570 646 336 74 200 105 249 67 447 205 128 107 38 365 264 71 635 132 239 25 575 341 20 28 14 170 99 443 521 260 425 287 166 576 298 210 
784 84 691 401 216 748 121 772 663 161 92 479 789 17 231 634 332 15 811 616 47 22 239 562 103 176 98 40 50 117 723 301 555 56 712 87 682 839 472 261 672 369 408 733 406 30 66 569 336 611 617 656 365 566 x 866 286 473 552 362 289 800 78 4 80 230 492 766 671 815 499 119 771 694 459 604 201 302 637 69 698 805 591 9 225 546 594 580 396 467 123 45 306 141 279 732 10 864 776 
82 950 175 465 650 118 745 94 203 705 958 387 77 849 635 232 534 851 55 250 819 888 627 304 969 690 964 906 816 983 143 565 311 810 154 953 184 27 394 605 194 497 458 133 460 896 800 297 530 255 249 210 501 300 866 x 580 393 314 504 577 66 788 870 946 636 374 100 195 51 367 747 95 172 407 262 665 564 229 935 168 61 275 875 641 320 272 286 470 399 743 821 560 725 587 134 876 2 90 
498 370 405 115 70 462 165 486 377 125 378 193 503 269 55 348 46 271 525 330 239 308 47 276 389 110 384 326 236 403 437 15 269 230 426 373 396 553 186 25 386 83 122 447 120 316 220 283 50 325 331 370 79 280 286 580 x 187 266 76 3 514 208 290 366 56 206 480 385 529 213 167 485 408 173 318 85 16 351 355 412 519 305 295 61 260 308 294 110 181 163 241 20 145 7 446 296 578 490 
311 557 218 72 257 275 352 299 190 312 565 6 316 456 242 161 141 458 338 143 426 495 234 89 576 297 571 513 423 590 250 172 82 417 239 560 209 366 1 212 199 104 65 260 67 503 407 96 137 138 144 183 108 93 473 393 187 x 79 111 184 327 395 477 553 243 19 293 198 342 26 354 298 221 14 131 272 171 164 542 225 332 118 482 248 73 121 107 77 6 350 428 167 332 194 259 483 391 303 
232 636 139 151 336 196 431 220 111 391 644 73 237 535 321 82 220 537 259 64 505 574 313 10 655 376 650 592 502 669 171 251 3 496 160 639 130 287 80 291 120 183 144 181 146 582 486 17 216 59 65 104 187 14 552 314 266 79 x 190 263 248 474 556 632 322 60 214 119 263 53 433 219 142 93 52 351 250 85 621 146 253 39 561 327 6 42 28 156 85 429 507 246 411 273 180 562 312 224 
422 446 329 39 146 386 241 410 301 201 454 117 427 345 131 272 30 347 449 254 315 384 123 200 465 186 460 402 312 479 361 61 193 306 350 449 320 477 110 101 310 7 46 371 44 392 296 207 26 249 255 294 3 204 362 504 76 111 190 x 73 438 284 366 442 132 130 404 309 453 137 243 409 332 97 242 161 60 275 431 336 443 229 371 137 184 232 218 34 105 239 317 56 221 83 370 372 502 414 
495 373 402 112 73 459 168 483 374 128 381 190 500 272 58 345 43 274 522 327 242 311 50 273 392 113 387 329 239 406 434 12 266 233 423 376 393 550 183 28 383 80 119 444 117 319 223 280 47 322 328 367 76 277 289 577 3 184 263 73 x 511 211 293 369 59 203 477 382 526 210 170 482 405 170 315 88 13 348 358 409 516 302 298 64 257 305 291 107 178 166 244 17 148 10 443 299 575 487 
16 884 109 399 584 52 679 28 137 639 892 321 11 783 569 166 468 785 11 184 753 822 561 238 903 624 898 840 750 917 77 499 245 744 88 887 118 39 328 539 128 431 392 67 394 830 734 231 464 189 183 144 435 234 800 66 514 327 248 438 511 x 722 804 880 570 308 34 129 15 301 681 29 106 341 196 599 498 163 869 102 5 209 809 575 254 206 220 404 333 677 755 494 659 521 68 810 64 24 
706 162 613 323 138 670 43 694 585 83 170 401 711 61 153 556 254 63 733 538 31 100 161 484 181 98 176 118 28 195 645 223 477 22 634 165 604 761 394 183 594 291 330 655 328 108 12 491 258 533 539 578 287 488 78 788 208 395 474 284 211 722 x 82 158 152 414 688 593 737 421 41 693 616 381 526 123 224 559 147 620 727 513 87 147 468 516 502 318 389 45 33 228 63 201 654 88 786 698 
788 80 695 405 220 752 125 776 667 165 88 483 793 21 235 638 336 19 815 620 51 18 243 566 99 180 94 36 54 113 727 305 559 60 716 83 686 843 476 265 676 373 412 737 410 26 70 573 340 615 621 660 369 570 4 870 290 477 556 366 293 804 82 x 76 234 496 770 675 819 503 123 775 698 463 608 205 306 641 65 702 809 595 5 229 550 598 584 400 471 127 49 310 145 283 736 6 868 780 
864 4 771 481 296 828 201 852 743 241 12 559 869 97 311 714 412 95 891 696 127 58 319 642 23 256 18 40 130 37 803 381 635 136 792 7 762 919 552 341 752 449 488 813 486 50 146 649 416 691 697 736 445 646 80 946 366 553 632 442 369 880 158 76 x 310 572 846 751 895 579 199 851 774 539 684 281 382 717 11 778 885 671 71 305 626 674 660 476 547 203 125 386 221 359 812 70 944 856 
554 314 461 171 14 518 109 542 433 69 322 249 559 213 1 404 102 215 581 386 183 252 9 332 333 54 328 270 180 347 493 71 325 174 482 317 452 609 242 31 442 139 178 503 176 260 164 339 106 381 387 426 135 336 230 636 56 243 322 132 59 570 152 234 310 x 262 536 441 585 269 111 541 464 229 374 29 72 407 299 468 575 361 239 5 316 364 350 166 237 107 185 76 89 49 502 240 634 546 
292 576 199 91 276 256 371 280 171 331 584 13 297 475 261 142 160 477 319 124 445 514 253 70 595 316 590 532 442 609 231 191 63 436 220 579 190 347 20 231 180 123 84 241 86 522 426 77 156 119 125 164 127 74 492 374 206 19 60 130 203 308 414 496 572 262 x 274 179 323 7 373 279 202 33 112 291 190 145 561 206 313 99 501 267 54 102 88 96 25 369 447 186 351 213 240 502 372 284 
18 850 75 365 550 18 645 6 103 605 858 287 23 749 535 132 434 751 45 150 719 788 527 204 869 590 864 806 716 883 43 465 211 710 54 853 84 73 294 505 94 397 358 33 360 796 700 197 430 155 149 110 401 200 766 100 480 293 214 404 477 34 688 770 846 536 274 x 95 49 267 647 5 72 307 162 565 464 129 835 68 39 175 775 541 220 172 186 370 299 643 721 460 625 487 34 776 98 10 
113 755 20 270 455 77 550 101 8 510 763 192 118 654 440 37 339 656 140 55 624 693 432 109 774 495 769 711 621 788 52 370 116 615 41 758 11 168 199 410 1 302 263 62 265 701 605 102 335 60 54 15 306 105 671 195 385 198 119 309 382 129 593 675 751 441 179 95 x 144 172 552 100 23 212 67 470 369 34 740 27 134 80 680 446 125 77 91 275 204 548 626 365 530 392 61 681 193 105 
31 899 124 414 599 67 694 43 152 654 907 336 26 798 584 181 483 800 4 199 768 837 576 253 918 639 913 855 765 932 92 514 260 759 103 902 133 24 343 554 143 446 407 82 409 845 749 246 479 204 198 159 450 249 815 51 529 342 263 453 526 15 737 819 895 585 323 49 144 x 316 696 44 121 356 211 614 513 178 884 117 10 224 824 590 269 221 235 419 348 692 770 509 674 536 83 825 49 39 
285 583 192 98 283 249 378 273 164 338 591 20 290 482 268 135 167 484 312 117 452 521 260 63 602 323 597 539 449 616 224 198 56 443 213 586 183 340 27 238 173 130 91 234 93 529 433 70 163 112 118 157 134 67 499 367 213 26 53 137 210 301 421 503 579 269 7 267 172 316 x 380 272 195 40 105 298 197 138 568 199 306 92 508 274 47 95 81 103 32 376 454 193 358 220 233 509 365 277 
665 203 572 282 97 629 2 653 544 42 211 360 670 102 112 515 213 104 692 497 72 141 120 443 222 57 217 159 69 236 604 182 436 63 593 206 563 720 353 142 553 250 289 614 287 149 53 450 217 492 498 537 246 447 119 747 167 354 433 243 170 681 41 123 199 111 373 647 552 696 380 x 652 575 340 485 82 183 518 188 579 686 472 128 106 427 475 461 277 348 4 74 187 22 160 613 129 745 657 
13 855 80 370 555 23 650 1 108 610 863 292 18 754 540 137 439 756 40 155 724 793 532 209 874 595 869 811 721 888 48 470 216 715 59 858 89 68 299 510 99 402 363 38 365 801 705 202 435 160 154 115 406 205 771 95 485 298 219 409 482 29 693 775 851 541 279 5 100 44 272 652 x 77 312 167 570 469 134 840 73 34 180 780 546 225 177 191 375 304 648 726 465 630 492 39 781 93 5 
90 778 3 293 478 54 573 78 31 533 786 215 95 677 463 60 362 679 117 78 647 716 455 132 797 518 792 734 644 811 29 393 139 638 18 781 12 145 222 433 22 325 286 39 288 724 628 125 358 83 77 38 329 128 694 172 408 221 142 332 405 106 616 698 774 464 202 72 23 121 195 575 77 x 235 90 493 392 57 763 4 111 103 703 469 148 100 114 298 227 571 649 388 553 415 38 704 170 82 
325 543 232 58 243 289 338 313 204 298 551 20 330 442 228 175 127 444 352 157 412 481 220 103 562 283 557 499 409 576 264 158 96 403 253 546 223 380 13 198 213 90 51 274 53 489 393 110 123 152 158 197 94 107 459 407 173 14 93 97 170 341 381 463 539 229 33 307 212 356 40 340 312 235 x 145 258 157 178 528 239 346 132 468 234 87 135 121 63 8 336 414 153 318 180 273 469 405 317 
180 688 87 203 388 144 483 168 59 443 696 125 185 587 373 30 272 589 207 12 557 626 365 42 707 428 702 644 554 721 119 303 49 548 108 691 78 235 132 343 68 235 196 129 198 634 538 35 268 7 13 52 239 38 604 262 318 131 52 242 315 196 526 608 684 374 112 162 67 211 105 485 167 90 145 x 403 302 33 673 94 201 13 613 379 58 10 24 208 137 481 559 298 463 325 128 614 260 172 
583 285 490 200 15 547 80 571 462 40 293 278 588 184 30 433 131 186 610 415 154 223 38 361 304 25 299 241 151 318 522 100 354 145 511 288 481 638 271 60 471 168 207 532 205 231 135 368 135 410 416 455 164 365 201 665 85 272 351 161 88 599 123 205 281 29 291 565 470 614 298 82 570 493 258 403 x 101 436 270 497 604 390 210 24 345 393 379 195 266 78 156 105 60 78 531 211 663 575 
482 386 389 99 86 446 181 470 361 141 394 177 487 285 71 332 30 287 509 314 255 324 63 260 405 126 400 342 252 419 421 1 253 246 410 389 380 537 170 41 370 67 106 431 104 332 236 267 34 309 315 354 63 264 302 564 16 171 250 60 13 498 224 306 382 72 190 464 369 513 197 183 469 392 157 302 101 x 335 371 396 503 289 311 77 244 292 278 94 165 179 257 4 161 23 430 312 562 474 
147 721 54 236 421 111 516 135 26 476 729 158 152 620 406 3 305 622 174 21 590 659 398 75 740 461 735 677 587 754 86 336 82 581 75 724 45 202 165 376 35 268 229 96 231 667 571 68 301 26 20 19 272 71 637 229 351 164 85 275 348 163 559 641 717 407 145 129 34 178 138 518 134 57 178 33 436 335 x 706 61 168 46 646 412 91 43 57 241 170 514 592 331 496 358 95 647 227 139 
853 15 760 470 285 817 190 841 732 230 23 548 858 86 300 703 401 84 880 685 116 47 308 631 34 245 29 29 119 48 792 370 624 125 781 18 751 908 541 330 741 438 477 802 475 39 135 638 405 680 686 725 434 635 69 935 355 542 621 431 358 869 147 65 11 299 561 835 740 884 568 188 840 763 528 673 270 371 706 x 767 874 660 60 294 615 663 649 465 536 192 114 375 210 348 801 59 933 845 
86 782 7 297 482 50 577 74 35 537 790 219 91 681 467 64 366 683 113 82 651 720 459 136 801 522 796 738 648 815 25 397 143 642 14 785 16 141 226 437 26 329 290 35 292 728 632 129 362 87 81 42 333 132 698 168 412 225 146 336 409 102 620 702 778 468 206 68 27 117 199 579 73 4 239 94 497 396 61 767 x 107 107 707 473 152 104 118 302 231 575 653 392 557 419 34 708 166 78 
21 889 114 404 589 57 684 33 142 644 897 326 16 788 574 171 473 790 6 189 758 827 566 243 908 629 903 845 755 922 82 504 250 749 93 892 123 34 333 544 133 436 397 72 399 835 739 236 469 194 188 149 440 239 805 61 519 332 253 443 516 5 727 809 885 575 313 39 134 10 306 686 34 111 346 201 604 503 168 874 107 x 214 814 580 259 211 225 409 338 682 760 499 664 526 73 815 59 29 
193 675 100 190 375 157 470 181 72 430 683 112 198 574 360 43 259 576 220 25 544 613 352 29 694 415 689 631 541 708 132 290 36 535 121 678 91 248 119 330 81 222 183 142 185 621 525 22 255 20 26 65 226 25 591 275 305 118 39 229 302 209 513 595 671 361 99 175 80 224 92 472 180 103 132 13 390 289 46 660 107 214 x 600 366 45 3 11 195 124 468 546 285 450 312 141 601 273 185 
793 75 700 410 225 757 130 781 672 170 83 488 798 26 240 643 341 24 820 625 56 13 248 571 94 185 89 31 59 108 732 310 564 65 721 78 691 848 481 270 681 378 417 742 415 21 75 578 345 620 626 665 374 575 9 875 295 482 561 371 298 809 87 5 71 239 501 775 680 824 508 128 780 703 468 613 210 311 646 60 707 814 600 x 234 555 603 589 405 476 132 54 315 150 288 741 1 873 785 
559 309 466 176 9 523 104 547 438 64 317 254 564 208 6 409 107 210 586 391 178 247 14 337 328 49 323 265 175 342 498 76 330 169 487 312 457 614 247 36 447 144 183 508 181 255 159 344 111 386 392 431 140 341 225 641 61 248 327 137 64 575 147 229 305 5 267 541 446 590 274 106 546 469 234 379 24 77 412 294 473 580 366 234 x 321 369 355 171 242 102 180 81 84 54 507 235 639 551 
238 630 145 145 330 202 425 226 117 385 638 67 243 529 315 88 214 531 265 70 499 568 307 16 649 370 644 586 496 663 177 245 9 490 166 633 136 293 74 285 126 177 138 187 140 576 480 23 210 65 71 110 181 20 546 320 260 73 6 184 257 254 468 550 626 316 54 220 125 269 47 427 225 148 87 58 345 244 91 615 152 259 45 555 321 x 48 34 150 79 423 501 240 405 267 186 556 318 230 
190 678 97 193 378 154 473 178 69 433 686 115 195 577 363 40 262 579 217 22 547 616 355 32 697 418 692 634 544 711 129 293 39 538 118 681 88 245 122 333 78 225 186 139 188 624 528 25 258 17 23 62 229 28 594 272 308 121 42 232 305 206 516 598 674 364 102 172 77 221 95 475 177 100 135 10 393 292 43 663 104 211 3 603 369 48 x 14 198 127 471 549 288 453 315 138 604 270 182 
204 664 111 179 364 168 459 192 83 419 672 101 209 563 349 54 248 565 231 36 533 602 341 18 683 404 678 620 530 697 143 279 25 524 132 667 102 259 108 319 92 211 172 153 174 610 514 11 244 31 37 76 215 14 580 286 294 107 28 218 291 220 502 584 660 350 88 186 91 235 81 461 191 114 121 24 379 278 57 649 118 225 11 589 355 34 14 x 184 113 457 535 274 439 301 152 590 284 196 
388 480 295 5 180 352 275 376 267 235 488 83 393 379 165 238 64 381 415 220 349 418 157 166 499 220 494 436 346 513 327 95 159 340 316 483 286 443 76 135 276 27 12 337 10 426 330 173 60 215 221 260 31 170 396 470 110 77 156 34 107 404 318 400 476 166 96 370 275 419 103 277 375 298 63 208 195 94 241 465 302 409 195 405 171 150 198 184 x 71 273 351 90 255 117 336 406 468 380 
317 551 224 66 251 281 346 305 196 306 559 12 322 450 236 167 135 452 344 149 420 489 228 95 570 291 565 507 417 584 256 166 88 411 245 554 215 372 5 206 205 98 59 266 61 497 401 102 131 144 150 189 102 99 467 399 181 6 85 105 178 333 389 471 547 237 25 299 204 348 32 348 304 227 8 137 266 165 170 536 231 338 124 476 242 79 127 113 71 x 344 422 161 326 188 265 477 397 309 
661 207 568 278 93 625 2 649 540 38 215 356 666 106 108 511 209 108 688 493 76 145 116 439 226 53 221 163 73 240 600 178 432 67 589 210 559 716 349 138 549 246 285 610 283 153 57 446 213 488 494 533 242 443 123 743 163 350 429 239 166 677 45 127 203 107 369 643 548 692 376 4 648 571 336 481 78 179 514 192 575 682 468 132 102 423 471 457 273 344 x 78 183 18 156 609 133 741 653 
739 129 646 356 171 703 76 727 618 116 137 434 744 28 186 589 287 30 766 571 2 67 194 517 148 131 143 85 5 162 678 256 510 11 667 132 637 794 427 216 627 324 363 688 361 75 21 524 291 566 572 611 320 521 45 821 241 428 507 317 244 755 33 49 125 185 447 721 626 770 454 74 726 649 414 559 156 257 592 114 653 760 546 54 180 501 549 535 351 422 78 x 261 96 234 687 55 819 731 
478 390 385 95 90 442 185 466 357 145 398 173 483 289 75 328 26 291 505 310 259 328 67 256 409 130 404 346 256 423 417 5 249 250 406 393 376 533 166 45 366 63 102 427 100 336 240 263 30 305 311 350 59 260 306 560 20 167 246 56 17 494 228 310 386 76 186 460 365 509 193 187 465 388 153 298 105 4 331 375 392 499 285 315 81 240 288 274 90 161 183 261 x 165 27 426 316 558 470 
643 225 550 260 75 607 20 631 522 20 233 338 648 124 90 493 191 126 670 475 94 163 98 421 244 35 239 181 91 258 582 160 414 85 571 228 541 698 331 120 531 228 267 592 265 171 75 428 195 470 476 515 224 425 141 725 145 332 411 221 148 659 63 145 221 89 351 625 530 674 358 22 630 553 318 463 60 161 496 210 557 664 450 150 84 405 453 439 255 326 18 96 165 x 138 591 151 723 635 
505 363 412 122 63 469 158 493 384 118 371 200 510 262 48 355 53 264 532 337 232 301 40 283 382 103 377 319 229 396 444 22 276 223 433 366 403 560 193 18 393 90 129 454 127 309 213 290 57 332 338 377 86 287 279 587 7 194 273 83 10 521 201 283 359 49 213 487 392 536 220 160 492 415 180 325 78 23 358 348 419 526 312 288 54 267 315 301 117 188 156 234 27 138 x 453 289 585 497 
52 816 41 331 516 16 611 40 69 571 824 253 57 715 501 98 400 717 79 116 685 754 493 170 835 556 830 772 682 849 9 431 177 676 20 819 50 107 260 471 60 363 324 1 326 762 666 163 396 121 115 76 367 166 732 134 446 259 180 370 443 68 654 736 812 502 240 34 61 83 233 613 39 38 273 128 531 430 95 801 34 73 141 741 507 186 138 152 336 265 609 687 426 591 453 x 742 132 44 
794 74 701 411 226 758 131 782 673 171 82 489 799 27 241 644 342 25 821 626 57 12 249 572 93 186 88 30 60 107 733 311 565 66 722 77 692 849 482 271 682 379 418 743 416 20 76 579 346 621 627 666 375 576 10 876 296 483 562 372 299 810 88 6 70 240 502 776 681 825 509 129 781 704 469 614 211 312 647 59 708 815 601 1 235 556 604 590 406 477 133 55 316 151 289 742 x 874 786 
80 948 173 463 648 116 743 92 201 703 956 385 75 847 633 230 532 849 53 248 817 886 625 302 967 688 962 904 814 981 141 563 309 808 152 951 182 25 392 603 192 495 456 131 458 894 798 295 528 253 247 208 499 298 864 2 578 391 312 502 575 64 786 868 944 634 372 98 193 49 365 745 93 170 405 260 663 562 227 933 166 59 273 873 639 318 270 284 468 397 741 819 558 723 585 132 874 x 88 
8 860 85 375 560 28 655 4 113 615 868 297 13 759 545 142 444 761 35 160 729 798 537 214 879 600 874 816 726 893 53 475 221 720 64 863 94 63 304 515 104 407 368 43 370 806 710 207 440 165 159 120 411 210 776 90 490 303 224 414 487 24 698 780 856 546 284 10 105 39 277 657 5 82 317 172 575 474 139 845 78 29 185 785 551 230 182 196 380 309 653 731 470 635 497 44 786 88 x 
