100
1
location0 location1 location2 location3 location4 location5 location6 location7 location8 location9 location10 location11 location12 location13 location14 location15 location16 location17 location18 location19 location20 location21 location22 location23 location24 location25 location26 location27 location28 location29 location30 location31 location32 location33 location34 location35 location36 location37 location38 location39 location40 location41 location42 location43 location44 location45 location46 location47 location48 location49 location50 location51 location52 location53 location54 location55 location56 location57 location58 location59 location60 location61 location62 location63 location64 location65 location66 location67 location68 location69 location70 location71 location72 location73 location74 location75 location76 location77 location78 location79 location80 location81 location82 location83 location84 location85 location86 location87 location88 location89 location90 location91 location92 location93 location94 location95 location96 location97 location98 location99 
location62 
location0
x 601 98 501 172 451 144 131 419 668 126 8 93 282 220 213 207 17 201 122 247 115 206 85 335 279 139 554 11 584 625 384 648 261 183 513 314 18 330 674 113 121 291 325 369 478 270 461 22 69 205 41 48 227 66 182 605 392 272 205 144 504 178 541 203 199 692 39 521 449 672 143 543 37 483 395 353 70 241 59 5 408 214 304 339 72 186 195 212 532 347 133 138 262 75 286 148 296 143 47 
601 x 699 100 429 150 745 470 182 67 727 609 694 883 821 814 394 618 400 479 848 486 395 516 266 322 740 47 612 17 24 217 47 862 784 88 287 583 271 73 714 722 310 276 232 123 871 140 579 532 396 642 649 828 667 419 4 209 329 806 457 97 423 60 804 800 91 562 80 152 71 458 58 638 118 206 248 531 842 660 596 193 815 297 262 673 787 406 813 69 254 734 739 339 526 887 749 305 744 648 
98 699 x 599 270 549 46 229 517 766 28 90 5 184 122 115 305 81 299 220 149 213 304 183 433 377 41 652 87 682 723 482 746 163 85 611 412 116 428 772 15 23 389 423 467 576 172 559 120 167 303 57 50 129 32 280 703 490 370 107 242 602 276 639 105 101 790 137 619 547 770 241 641 61 581 493 451 168 143 39 103 506 116 402 437 26 88 293 114 630 445 35 40 360 173 188 50 394 45 51 
501 100 599 x 329 50 645 370 82 167 627 509 594 783 721 714 294 518 300 379 748 386 295 416 166 222 640 53 512 83 124 117 147 762 684 12 187 483 171 173 614 622 210 176 132 23 771 40 479 432 296 542 549 728 567 319 104 109 229 706 357 3 323 40 704 700 191 462 20 52 171 358 42 538 18 106 148 431 742 560 496 93 715 197 162 573 687 306 713 31 154 634 639 239 426 787 649 205 644 548 
172 429 270 329 x 279 316 41 247 496 298 180 265 454 392 385 35 189 29 50 419 57 34 87 163 107 311 382 183 412 453 212 476 433 355 341 142 154 158 502 285 293 119 153 197 306 442 289 150 103 33 213 220 399 238 10 433 220 100 377 28 332 6 369 375 371 520 133 349 277 500 29 371 209 311 223 181 102 413 231 167 236 386 132 167 244 358 23 384 360 175 305 310 90 97 458 320 124 315 219 
451 150 549 50 279 x 595 320 32 217 577 459 544 733 671 664 244 468 250 329 698 336 245 366 116 172 590 103 462 133 174 67 197 712 634 62 137 433 121 223 564 572 160 126 82 27 721 10 429 382 246 492 499 678 517 269 154 59 179 656 307 53 273 90 654 650 241 412 70 2 221 308 92 488 32 56 98 381 692 510 446 43 665 147 112 523 637 256 663 81 104 584 589 189 376 737 599 155 594 498 
144 745 46 645 316 595 x 275 563 812 18 136 51 138 76 69 351 127 345 266 103 259 350 229 479 423 5 698 133 728 769 528 792 117 39 657 458 162 474 818 31 23 435 469 513 622 126 605 166 213 349 103 96 83 78 326 749 536 416 61 288 648 322 685 59 55 836 183 665 593 816 287 687 107 627 539 497 214 97 85 149 552 70 448 483 72 42 339 68 676 491 11 6 406 219 142 4 440 1 97 
131 470 229 370 41 320 275 x 288 537 257 139 224 413 351 344 76 148 70 9 378 16 75 46 204 148 270 423 142 453 494 253 517 392 314 382 183 113 199 543 244 252 160 194 238 347 401 330 109 62 74 172 179 358 197 51 474 261 141 336 13 373 47 410 334 330 561 92 390 318 541 12 412 168 352 264 222 61 372 190 126 277 345 173 208 203 317 64 343 401 216 264 269 131 56 417 279 165 274 178 
419 182 517 82 247 32 563 288 x 249 545 427 512 701 639 632 212 436 218 297 666 304 213 334 84 140 558 135 430 165 206 35 229 680 602 94 105 401 89 255 532 540 128 94 50 59 689 42 397 350 214 460 467 646 485 237 186 27 147 624 275 85 241 122 622 618 273 380 102 30 253 276 124 456 64 24 66 349 660 478 414 11 633 115 80 491 605 224 631 113 72 552 557 157 344 705 567 123 562 466 
668 67 766 167 496 217 812 537 249 x 794 676 761 950 888 881 461 685 467 546 915 553 462 583 333 389 807 114 679 84 43 284 20 929 851 155 354 650 338 6 781 789 377 343 299 190 938 207 646 599 463 709 716 895 734 486 63 276 396 873 524 164 490 127 871 867 24 629 147 219 4 525 125 705 185 273 315 598 909 727 663 260 882 364 329 740 854 473 880 136 321 801 806 406 593 954 816 372 811 715 
126 727 28 627 298 577 18 257 545 794 x 118 33 156 94 87 333 109 327 248 121 241 332 211 461 405 13 680 115 710 751 510 774 135 57 639 440 144 456 800 13 5 417 451 495 604 144 587 148 195 331 85 78 101 60 308 731 518 398 79 270 630 304 667 77 73 818 165 647 575 798 269 669 89 609 521 479 196 115 67 131 534 88 430 465 54 60 321 86 658 473 7 12 388 201 160 22 422 17 79 
8 609 90 509 180 459 136 139 427 676 118 x 85 274 212 205 215 9 209 130 239 123 214 93 343 287 131 562 3 592 633 392 656 253 175 521 322 26 338 682 105 113 299 333 377 486 262 469 30 77 213 33 40 219 58 190 613 400 280 197 152 512 186 549 195 191 700 47 529 457 680 151 551 29 491 403 361 78 233 51 13 416 206 312 347 64 178 203 204 540 355 125 130 270 83 278 140 304 135 39 
93 694 5 594 265 544 51 224 512 761 33 85 x 189 127 120 300 76 294 215 154 208 299 178 428 372 46 647 82 677 718 477 741 168 90 606 407 111 423 767 20 28 384 418 462 571 177 554 115 162 298 52 45 134 27 275 698 485 365 112 237 597 271 634 110 106 785 132 614 542 765 236 636 56 576 488 446 163 148 34 98 501 121 397 432 21 93 288 119 625 440 40 45 355 168 193 55 389 50 46 
282 883 184 783 454 733 138 413 701 950 156 274 189 x 62 69 489 265 483 404 35 397 488 367 617 561 143 836 271 866 907 666 930 21 99 795 596 300 612 956 169 161 573 607 651 760 12 743 304 351 487 241 234 55 216 464 887 674 554 77 426 786 460 823 79 83 974 321 803 731 954 425 825 245 765 677 635 352 41 223 287 690 68 586 621 210 96 477 70 814 629 149 144 544 357 4 134 578 139 235 
220 821 122 721 392 671 76 351 639 888 94 212 127 62 x 7 427 203 421 342 27 335 426 305 555 499 81 774 209 804 845 604 868 41 37 733 534 238 550 894 107 99 511 545 589 698 50 681 242 289 425 179 172 7 154 402 825 612 492 15 364 724 398 761 17 21 912 259 741 669 892 363 763 183 703 615 573 290 21 161 225 628 6 524 559 148 34 415 8 752 567 87 82 482 295 66 72 516 77 173 
213 814 115 714 385 664 69 344 632 881 87 205 120 69 7 x 420 196 414 335 34 328 419 298 548 492 74 767 202 797 838 597 861 48 30 726 527 231 543 887 100 92 504 538 582 691 57 674 235 282 418 172 165 14 147 395 818 605 485 8 357 717 391 754 10 14 905 252 734 662 885 356 756 176 696 608 566 283 28 154 218 621 1 517 552 141 27 408 1 745 560 80 75 475 288 73 65 509 70 166 
207 394 305 294 35 244 351 76 212 461 333 215 300 489 427 420 x 224 6 85 454 92 1 122 128 72 346 347 218 377 418 177 441 468 390 306 107 189 123 467 320 328 84 118 162 271 477 254 185 138 2 248 255 434 273 25 398 185 65 412 63 297 29 334 410 406 485 168 314 242 465 64 336 244 276 188 146 137 448 266 202 201 421 97 132 279 393 12 419 325 140 340 345 55 132 493 355 89 350 254 
17 618 81 518 189 468 127 148 436 685 109 9 76 265 203 196 224 x 218 139 230 132 223 102 352 296 122 571 6 601 642 401 665 244 166 530 331 35 347 691 96 104 308 342 386 495 253 478 39 86 222 24 31 210 49 199 622 409 289 188 161 521 195 558 186 182 709 56 538 466 689 160 560 20 500 412 370 87 224 42 22 425 197 321 356 55 169 212 195 549 364 116 121 279 92 269 131 313 126 30 
201 400 299 300 29 250 345 70 218 467 327 209 294 483 421 414 6 218 x 79 448 86 5 116 134 78 340 353 212 383 424 183 447 462 384 312 113 183 129 473 314 322 90 124 168 277 471 260 179 132 4 242 249 428 267 19 404 191 71 406 57 303 23 340 404 400 491 162 320 248 471 58 342 238 282 194 152 131 442 260 196 207 415 103 138 273 387 6 413 331 146 334 339 61 126 487 349 95 344 248 
122 479 220 379 50 329 266 9 297 546 248 130 215 404 342 335 85 139 79 x 369 7 84 37 213 157 261 432 133 462 503 262 526 383 305 391 192 104 208 552 235 243 169 203 247 356 392 339 100 53 83 163 170 349 188 60 483 270 150 327 22 382 56 419 325 321 570 83 399 327 550 21 421 159 361 273 231 52 363 181 117 286 336 182 217 194 308 73 334 410 225 255 260 140 47 408 270 174 265 169 
247 848 149 748 419 698 103 378 666 915 121 239 154 35 27 34 454 230 448 369 x 362 453 332 582 526 108 801 236 831 872 631 895 14 64 760 561 265 577 921 134 126 538 572 616 725 23 708 269 316 452 206 199 20 181 429 852 639 519 42 391 751 425 788 44 48 939 286 768 696 919 390 790 210 730 642 600 317 6 188 252 655 33 551 586 175 61 442 35 779 594 114 109 509 322 39 99 543 104 200 
115 486 213 386 57 336 259 16 304 553 241 123 208 397 335 328 92 132 86 7 362 x 91 30 220 164 254 439 126 469 510 269 533 376 298 398 199 97 215 559 228 236 176 210 254 363 385 346 93 46 90 156 163 342 181 67 490 277 157 320 29 389 63 426 318 314 577 76 406 334 557 28 428 152 368 280 238 45 356 174 110 293 329 189 224 187 301 80 327 417 232 248 253 147 40 401 263 181 258 162 
206 395 304 295 34 245 350 75 213 462 332 214 299 488 426 419 1 223 5 84 453 91 x 121 129 73 345 348 217 378 419 178 442 467 389 307 108 188 124 468 319 327 85 119 163 272 476 255 184 137 1 247 254 433 272 24 399 186 66 411 62 298 28 335 409 405 486 167 315 243 466 63 337 243 277 189 147 136 447 265 201 202 420 98 133 278 392 11 418 326 141 339 344 56 131 492 354 90 349 253 
85 516 183 416 87 366 229 46 334 583 211 93 178 367 305 298 122 102 116 37 332 30 121 x 250 194 224 469 96 499 540 299 563 346 268 428 229 67 245 589 198 206 206 240 284 393 355 376 63 16 120 126 133 312 151 97 520 307 187 290 59 419 93 456 288 284 607 46 436 364 587 58 458 122 398 310 268 15 326 144 80 323 299 219 254 157 271 110 297 447 262 218 223 177 10 371 233 211 228 132 
335 266 433 166 163 116 479 204 84 333 461 343 428 617 555 548 128 352 134 213 582 220 129 250 x 56 474 219 346 249 290 49 313 596 518 178 21 317 5 339 448 456 44 10 34 143 605 126 313 266 130 376 383 562 401 153 270 57 63 540 191 169 157 206 538 534 357 296 186 114 337 192 208 372 148 60 18 265 576 394 330 73 549 31 4 407 521 140 547 197 12 468 473 73 260 621 483 39 478 382 
279 322 377 222 107 172 423 148 140 389 405 287 372 561 499 492 72 296 78 157 526 164 73 194 56 x 418 275 290 305 346 105 369 540 462 234 35 261 51 395 392 400 12 46 90 199 549 182 257 210 74 320 327 506 345 97 326 113 7 484 135 225 101 262 482 478 413 240 242 170 393 136 264 316 204 116 74 209 520 338 274 129 493 25 60 351 465 84 491 253 68 412 417 17 204 565 427 17 422 326 
139 740 41 640 311 590 5 270 558 807 13 131 46 143 81 74 346 122 340 261 108 254 345 224 474 418 x 693 128 723 764 523 787 122 44 652 453 157 469 813 26 18 430 464 508 617 131 600 161 208 344 98 91 88 73 321 744 531 411 66 283 643 317 680 64 60 831 178 660 588 811 282 682 102 622 534 492 209 102 80 144 547 75 443 478 67 47 334 73 671 486 6 1 401 214 147 9 435 4 92 
554 47 652 53 382 103 698 423 135 114 680 562 647 836 774 767 347 571 353 432 801 439 348 469 219 275 693 x 565 30 71 170 94 815 737 41 240 536 224 120 667 675 263 229 185 76 824 93 532 485 349 595 602 781 620 372 51 162 282 759 410 50 376 13 757 753 138 515 33 105 118 411 11 591 71 159 201 484 795 613 549 146 768 250 215 626 740 359 766 22 207 687 692 292 479 840 702 258 697 601 
11 612 87 512 183 462 133 142 430 679 115 3 82 271 209 202 218 6 212 133 236 126 217 96 346 290 128 565 x 595 636 395 659 250 172 524 325 29 341 685 102 110 302 336 380 489 259 472 33 80 216 30 37 216 55 193 616 403 283 194 155 515 189 552 192 188 703 50 532 460 683 154 554 26 494 406 364 81 230 48 16 419 203 315 350 61 175 206 201 543 358 122 127 273 86 275 137 307 132 36 
584 17 682 83 412 133 728 453 165 84 710 592 677 866 804 797 377 601 383 462 831 469 378 499 249 305 723 30 595 x 41 200 64 845 767 71 270 566 254 90 697 705 293 259 215 106 854 123 562 515 379 625 632 811 650 402 21 192 312 789 440 80 406 43 787 783 108 545 63 135 88 441 41 621 101 189 231 514 825 643 579 176 798 280 245 656 770 389 796 52 237 717 722 322 509 870 732 288 727 631 
625 24 723 124 453 174 769 494 206 43 751 633 718 907 845 838 418 642 424 503 872 510 419 540 290 346 764 71 636 41 x 241 23 886 808 112 311 607 295 49 738 746 334 300 256 147 895 164 603 556 420 666 673 852 691 443 20 233 353 830 481 121 447 84 828 824 67 586 104 176 47 482 82 662 142 230 272 555 866 684 620 217 839 321 286 697 811 430 837 93 278 758 763 363 550 911 773 329 768 672 
384 217 482 117 212 67 528 253 35 284 510 392 477 666 604 597 177 401 183 262 631 269 178 299 49 105 523 170 395 200 241 x 264 645 567 129 70 366 54 290 497 505 93 59 15 94 654 77 362 315 179 425 432 611 450 202 221 8 112 589 240 120 206 157 587 583 308 345 137 65 288 241 159 421 99 11 31 314 625 443 379 24 598 80 45 456 570 189 596 148 37 517 522 122 309 670 532 88 527 431 
648 47 746 147 476 197 792 517 229 20 774 656 741 930 868 861 441 665 447 526 895 533 442 563 313 369 787 94 659 64 23 264 x 909 831 135 334 630 318 26 761 769 357 323 279 170 918 187 626 579 443 689 696 875 714 466 43 256 376 853 504 144 470 107 851 847 44 609 127 199 24 505 105 685 165 253 295 578 889 707 643 240 862 344 309 720 834 453 860 116 301 781 786 386 573 934 796 352 791 695 
261 862 163 762 433 712 117 392 680 929 135 253 168 21 41 48 468 244 462 383 14 376 467 346 596 540 122 815 250 845 886 645 909 x 78 774 575 279 591 935 148 140 552 586 630 739 9 722 283 330 466 220 213 34 195 443 866 653 533 56 405 765 439 802 58 62 953 300 782 710 933 404 804 224 744 656 614 331 20 202 266 669 47 565 600 189 75 456 49 793 608 128 123 523 336 25 113 557 118 214 
183 784 85 684 355 634 39 314 602 851 57 175 90 99 37 30 390 166 384 305 64 298 389 268 518 462 44 737 172 767 808 567 831 78 x 696 497 201 513 857 70 62 474 508 552 661 87 644 205 252 388 142 135 44 117 365 788 575 455 22 327 687 361 724 20 16 875 222 704 632 855 326 726 146 666 578 536 253 58 124 188 591 31 487 522 111 3 378 29 715 530 50 45 445 258 103 35 479 40 136 
513 88 611 12 341 62 657 382 94 155 639 521 606 795 733 726 306 530 312 391 760 398 307 428 178 234 652 41 524 71 112 129 135 774 696 x 199 495 183 161 626 634 222 188 144 35 783 52 491 444 308 554 561 740 579 331 92 121 241 718 369 9 335 28 716 712 179 474 8 64 159 370 30 550 30 118 160 443 754 572 508 105 727 209 174 585 699 318 725 19 166 646 651 251 438 799 661 217 656 560 
314 287 412 187 142 137 458 183 105 354 440 322 407 596 534 527 107 331 113 192 561 199 108 229 21 35 453 240 325 270 311 70 334 575 497 199 x 296 16 360 427 435 23 11 55 164 584 147 292 245 109 355 362 541 380 132 291 78 42 519 170 190 136 227 517 513 378 275 207 135 358 171 229 351 169 81 39 244 555 373 309 94 528 10 25 386 500 119 526 218 33 447 452 52 239 600 462 18 457 361 
18 583 116 483 154 433 162 113 401 650 144 26 111 300 238 231 189 35 183 104 265 97 188 67 317 261 157 536 29 566 607 366 630 279 201 495 296 x 312 656 131 139 273 307 351 460 288 443 4 51 187 59 66 245 84 164 587 374 254 223 126 486 160 523 221 217 674 21 503 431 654 125 525 55 465 377 335 52 259 77 13 390 232 286 321 90 204 177 230 514 329 151 156 244 57 304 166 278 161 65 
330 271 428 171 158 121 474 199 89 338 456 338 423 612 550 543 123 347 129 208 577 215 124 245 5 51 469 224 341 254 295 54 318 591 513 183 16 312 x 344 443 451 39 5 39 148 600 131 308 261 125 371 378 557 396 148 275 62 58 535 186 174 152 211 533 529 362 291 191 119 342 187 213 367 153 65 23 260 571 389 325 78 544 26 9 402 516 135 542 202 17 463 468 68 255 616 478 34 473 377 
674 73 772 173 502 223 818 543 255 6 800 682 767 956 894 887 467 691 473 552 921 559 468 589 339 395 813 120 685 90 49 290 26 935 857 161 360 656 344 x 787 795 383 349 305 196 944 213 652 605 469 715 722 901 740 492 69 282 402 879 530 170 496 133 877 873 18 635 153 225 2 531 131 711 191 279 321 604 915 733 669 266 888 370 335 746 860 479 886 142 327 807 812 412 599 960 822 378 817 721 
113 714 15 614 285 564 31 244 532 781 13 105 20 169 107 100 320 96 314 235 134 228 319 198 448 392 26 667 102 697 738 497 761 148 70 626 427 131 443 787 x 8 404 438 482 591 157 574 135 182 318 72 65 114 47 295 718 505 385 92 257 617 291 654 90 86 805 152 634 562 785 256 656 76 596 508 466 183 128 54 118 521 101 417 452 41 73 308 99 645 460 20 25 375 188 173 35 409 30 66 
121 722 23 622 293 572 23 252 540 789 5 113 28 161 99 92 328 104 322 243 126 236 327 206 456 400 18 675 110 705 746 505 769 140 62 634 435 139 451 795 8 x 412 446 490 599 149 582 143 190 326 80 73 106 55 303 726 513 393 84 265 625 299 662 82 78 813 160 642 570 793 264 664 84 604 516 474 191 120 62 126 529 93 425 460 49 65 316 91 653 468 12 17 383 196 165 27 417 22 74 
291 310 389 210 119 160 435 160 128 377 417 299 384 573 511 504 84 308 90 169 538 176 85 206 44 12 430 263 302 293 334 93 357 552 474 222 23 273 39 383 404 412 x 34 78 187 561 170 269 222 86 332 339 518 357 109 314 101 19 496 147 213 113 250 494 490 401 252 230 158 381 148 252 328 192 104 62 221 532 350 286 117 505 13 48 363 477 96 503 241 56 424 429 29 216 577 439 5 434 338 
325 276 423 176 153 126 469 194 94 343 451 333 418 607 545 538 118 342 124 203 572 210 119 240 10 46 464 229 336 259 300 59 323 586 508 188 11 307 5 349 438 446 34 x 44 153 595 136 303 256 120 366 373 552 391 143 280 67 53 530 181 179 147 216 528 524 367 286 196 124 347 182 218 362 158 70 28 255 566 384 320 83 539 21 14 397 511 130 537 207 22 458 463 63 250 611 473 29 468 372 
369 232 467 132 197 82 513 238 50 299 495 377 462 651 589 582 162 386 168 247 616 254 163 284 34 90 508 185 380 215 256 15 279 630 552 144 55 351 39 305 482 490 78 44 x 109 639 92 347 300 164 410 417 596 435 187 236 23 97 574 225 135 191 172 572 568 323 330 152 80 303 226 174 406 114 26 16 299 610 428 364 39 583 65 30 441 555 174 581 163 22 502 507 107 294 655 517 73 512 416 
478 123 576 23 306 27 622 347 59 190 604 486 571 760 698 691 271 495 277 356 725 363 272 393 143 199 617 76 489 106 147 94 170 739 661 35 164 460 148 196 591 599 187 153 109 x 748 17 456 409 273 519 526 705 544 296 127 86 206 683 334 26 300 63 681 677 214 439 43 29 194 335 65 515 5 83 125 408 719 537 473 70 692 174 139 550 664 283 690 54 131 611 616 216 403 764 626 182 621 525 
270 871 172 771 442 721 126 401 689 938 144 262 177 12 50 57 477 253 471 392 23 385 476 355 605 549 131 824 259 854 895 654 918 9 87 783 584 288 600 944 157 149 561 595 639 748 x 731 292 339 475 229 222 43 204 452 875 662 542 65 414 774 448 811 67 71 962 309 791 719 942 413 813 233 753 665 623 340 29 211 275 678 56 574 609 198 84 465 58 802 617 137 132 532 345 16 122 566 127 223 
461 140 559 40 289 10 605 330 42 207 587 469 554 743 681 674 254 478 260 339 708 346 255 376 126 182 600 93 472 123 164 77 187 722 644 52 147 443 131 213 574 582 170 136 92 17 731 x 439 392 256 502 509 688 527 279 144 69 189 666 317 43 283 80 664 660 231 422 60 12 211 318 82 498 22 66 108 391 702 520 456 53 675 157 122 533 647 266 673 71 114 594 599 199 386 747 609 165 604 508 
22 579 120 479 150 429 166 109 397 646 148 30 115 304 242 235 185 39 179 100 269 93 184 63 313 257 161 532 33 562 603 362 626 283 205 491 292 4 308 652 135 143 269 303 347 456 292 439 x 47 183 63 70 249 88 160 583 370 250 227 122 482 156 519 225 221 670 17 499 427 650 121 521 59 461 373 331 48 263 81 17 386 236 282 317 94 208 173 234 510 325 155 160 240 53 308 170 274 165 69 
69 532 167 432 103 382 213 62 350 599 195 77 162 351 289 282 138 86 132 53 316 46 137 16 266 210 208 485 80 515 556 315 579 330 252 444 245 51 261 605 182 190 222 256 300 409 339 392 47 x 136 110 117 296 135 113 536 323 203 274 75 435 109 472 272 268 623 30 452 380 603 74 474 106 414 326 284 1 310 128 64 339 283 235 270 141 255 126 281 463 278 202 207 193 6 355 217 227 212 116 
205 396 303 296 33 246 349 74 214 463 331 213 298 487 425 418 2 222 4 83 452 90 1 120 130 74 344 349 216 379 420 179 443 466 388 308 109 187 125 469 318 326 86 120 164 273 475 256 183 136 x 246 253 432 271 23 400 187 67 410 61 299 27 336 408 404 487 166 316 244 467 62 338 242 278 190 148 135 446 264 200 203 419 99 134 277 391 10 417 327 142 338 343 57 130 491 353 91 348 252 
41 642 57 542 213 492 103 172 460 709 85 33 52 241 179 172 248 24 242 163 206 156 247 126 376 320 98 595 30 625 666 425 689 220 142 554 355 59 371 715 72 80 332 366 410 519 229 502 63 110 246 x 7 186 25 223 646 433 313 164 185 545 219 582 162 158 733 80 562 490 713 184 584 4 524 436 394 111 200 18 46 449 173 345 380 31 145 236 171 573 388 92 97 303 116 245 107 337 102 6 
48 649 50 549 220 499 96 179 467 716 78 40 45 234 172 165 255 31 249 170 199 163 254 133 383 327 91 602 37 632 673 432 696 213 135 561 362 66 378 722 65 73 339 373 417 526 222 509 70 117 253 7 x 179 18 230 653 440 320 157 192 552 226 589 155 151 740 87 569 497 720 191 591 11 531 443 401 118 193 11 53 456 166 352 387 24 138 243 164 580 395 85 90 310 123 238 100 344 95 1 
227 828 129 728 399 678 83 358 646 895 101 219 134 55 7 14 434 210 428 349 20 342 433 312 562 506 88 781 216 811 852 611 875 34 44 740 541 245 557 901 114 106 518 552 596 705 43 688 249 296 432 186 179 x 161 409 832 619 499 22 371 731 405 768 24 28 919 266 748 676 899 370 770 190 710 622 580 297 14 168 232 635 13 531 566 155 41 422 15 759 574 94 89 489 302 59 79 523 84 180 
66 667 32 567 238 517 78 197 485 734 60 58 27 216 154 147 273 49 267 188 181 181 272 151 401 345 73 620 55 650 691 450 714 195 117 579 380 84 396 740 47 55 357 391 435 544 204 527 88 135 271 25 18 161 x 248 671 458 338 139 210 570 244 607 137 133 758 105 587 515 738 209 609 29 549 461 419 136 175 7 71 474 148 370 405 6 120 261 146 598 413 67 72 328 141 220 82 362 77 19 
182 419 280 319 10 269 326 51 237 486 308 190 275 464 402 395 25 199 19 60 429 67 24 97 153 97 321 372 193 402 443 202 466 443 365 331 132 164 148 492 295 303 109 143 187 296 452 279 160 113 23 223 230 409 248 x 423 210 90 387 38 322 4 359 385 381 510 143 339 267 490 39 361 219 301 213 171 112 423 241 177 226 396 122 157 254 368 13 394 350 165 315 320 80 107 468 330 114 325 229 
605 4 703 104 433 154 749 474 186 63 731 613 698 887 825 818 398 622 404 483 852 490 399 520 270 326 744 51 616 21 20 221 43 866 788 92 291 587 275 69 718 726 314 280 236 127 875 144 583 536 400 646 653 832 671 423 x 213 333 810 461 101 427 64 808 804 87 566 84 156 67 462 62 642 122 210 252 535 846 664 600 197 819 301 266 677 791 410 817 73 258 738 743 343 530 891 753 309 748 652 
392 209 490 109 220 59 536 261 27 276 518 400 485 674 612 605 185 409 191 270 639 277 186 307 57 113 531 162 403 192 233 8 256 653 575 121 78 374 62 282 505 513 101 67 23 86 662 69 370 323 187 433 440 619 458 210 213 x 120 597 248 112 214 149 595 591 300 353 129 57 280 249 151 429 91 3 39 322 633 451 387 16 606 88 53 464 578 197 604 140 45 525 530 130 317 678 540 96 535 439 
272 329 370 229 100 179 416 141 147 396 398 280 365 554 492 485 65 289 71 150 519 157 66 187 63 7 411 282 283 312 353 112 376 533 455 241 42 254 58 402 385 393 19 53 97 206 542 189 250 203 67 313 320 499 338 90 333 120 x 477 128 232 94 269 475 471 420 233 249 177 400 129 271 309 211 123 81 202 513 331 267 136 486 32 67 344 458 77 484 260 75 405 410 10 197 558 420 24 415 319 
205 806 107 706 377 656 61 336 624 873 79 197 112 77 15 8 412 188 406 327 42 320 411 290 540 484 66 759 194 789 830 589 853 56 22 718 519 223 535 879 92 84 496 530 574 683 65 666 227 274 410 164 157 22 139 387 810 597 477 x 349 709 383 746 2 6 897 244 726 654 877 348 748 168 688 600 558 275 36 146 210 613 9 509 544 133 19 400 7 737 552 72 67 467 280 81 57 501 62 158 
144 457 242 357 28 307 288 13 275 524 270 152 237 426 364 357 63 161 57 22 391 29 62 59 191 135 283 410 155 440 481 240 504 405 327 369 170 126 186 530 257 265 147 181 225 334 414 317 122 75 61 185 192 371 210 38 461 248 128 349 x 360 34 397 347 343 548 105 377 305 528 1 399 181 339 251 209 74 385 203 139 264 358 160 195 216 330 51 356 388 203 277 282 118 69 430 292 152 287 191 
504 97 602 3 332 53 648 373 85 164 630 512 597 786 724 717 297 521 303 382 751 389 298 419 169 225 643 50 515 80 121 120 144 765 687 9 190 486 174 170 617 625 213 179 135 26 774 43 482 435 299 545 552 731 570 322 101 112 232 709 360 x 326 37 707 703 188 465 17 55 168 361 39 541 21 109 151 434 745 563 499 96 718 200 165 576 690 309 716 28 157 637 642 242 429 790 652 208 647 551 
178 423 276 323 6 273 322 47 241 490 304 186 271 460 398 391 29 195 23 56 425 63 28 93 157 101 317 376 189 406 447 206 470 439 361 335 136 160 152 496 291 299 113 147 191 300 448 283 156 109 27 219 226 405 244 4 427 214 94 383 34 326 x 363 381 377 514 139 343 271 494 35 365 215 305 217 175 108 419 237 173 230 392 126 161 250 364 17 390 354 169 311 316 84 103 464 326 118 321 225 
541 60 639 40 369 90 685 410 122 127 667 549 634 823 761 754 334 558 340 419 788 426 335 456 206 262 680 13 552 43 84 157 107 802 724 28 227 523 211 133 654 662 250 216 172 63 811 80 519 472 336 582 589 768 607 359 64 149 269 746 397 37 363 x 744 740 151 502 20 92 131 398 2 578 58 146 188 471 782 600 536 133 755 237 202 613 727 346 753 9 194 674 679 279 466 827 689 245 684 588 
203 804 105 704 375 654 59 334 622 871 77 195 110 79 17 10 410 186 404 325 44 318 409 288 538 482 64 757 192 787 828 587 851 58 20 716 517 221 533 877 90 82 494 528 572 681 67 664 225 272 408 162 155 24 137 385 808 595 475 2 347 707 381 744 x 4 895 242 724 652 875 346 746 166 686 598 556 273 38 144 208 611 11 507 542 131 17 398 9 735 550 70 65 465 278 83 55 499 60 156 
199 800 101 700 371 650 55 330 618 867 73 191 106 83 21 14 406 182 400 321 48 314 405 284 534 478 60 753 188 783 824 583 847 62 16 712 513 217 529 873 86 78 490 524 568 677 71 660 221 268 404 158 151 28 133 381 804 591 471 6 343 703 377 740 4 x 891 238 720 648 871 342 742 162 682 594 552 269 42 140 204 607 15 503 538 127 13 394 13 731 546 66 61 461 274 87 51 495 56 152 
692 91 790 191 520 241 836 561 273 24 818 700 785 974 912 905 485 709 491 570 939 577 486 607 357 413 831 138 703 108 67 308 44 953 875 179 378 674 362 18 805 813 401 367 323 214 962 231 670 623 487 733 740 919 758 510 87 300 420 897 548 188 514 151 895 891 x 653 171 243 20 549 149 729 209 297 339 622 933 751 687 284 906 388 353 764 878 497 904 160 345 825 830 430 617 978 840 396 835 739 
39 562 137 462 133 412 183 92 380 629 165 47 132 321 259 252 168 56 162 83 286 76 167 46 296 240 178 515 50 545 586 345 609 300 222 474 275 21 291 635 152 160 252 286 330 439 309 422 17 30 166 80 87 266 105 143 566 353 233 244 105 465 139 502 242 238 653 x 482 410 633 104 504 76 444 356 314 31 280 98 34 369 253 265 300 111 225 156 251 493 308 172 177 223 36 325 187 257 182 86 
521 80 619 20 349 70 665 390 102 147 647 529 614 803 741 734 314 538 320 399 768 406 315 436 186 242 660 33 532 63 104 137 127 782 704 8 207 503 191 153 634 642 230 196 152 43 791 60 499 452 316 562 569 748 587 339 84 129 249 726 377 17 343 20 724 720 171 482 x 72 151 378 22 558 38 126 168 451 762 580 516 113 735 217 182 593 707 326 733 11 174 654 659 259 446 807 669 225 664 568 
449 152 547 52 277 2 593 318 30 219 575 457 542 731 669 662 242 466 248 327 696 334 243 364 114 170 588 105 460 135 176 65 199 710 632 64 135 431 119 225 562 570 158 124 80 29 719 12 427 380 244 490 497 676 515 267 156 57 177 654 305 55 271 92 652 648 243 410 72 x 223 306 94 486 34 54 96 379 690 508 444 41 663 145 110 521 635 254 661 83 102 582 587 187 374 735 597 153 592 496 
672 71 770 171 500 221 816 541 253 4 798 680 765 954 892 885 465 689 471 550 919 557 466 587 337 393 811 118 683 88 47 288 24 933 855 159 358 654 342 2 785 793 381 347 303 194 942 211 650 603 467 713 720 899 738 490 67 280 400 877 528 168 494 131 875 871 20 633 151 223 x 529 129 709 189 277 319 602 913 731 667 264 886 368 333 744 858 477 884 140 325 805 810 410 597 958 820 376 815 719 
143 458 241 358 29 308 287 12 276 525 269 151 236 425 363 356 64 160 58 21 390 28 63 58 192 136 282 411 154 441 482 241 505 404 326 370 171 125 187 531 256 264 148 182 226 335 413 318 121 74 62 184 191 370 209 39 462 249 129 348 1 361 35 398 346 342 549 104 378 306 529 x 400 180 340 252 210 73 384 202 138 265 357 161 196 215 329 52 355 389 204 276 281 119 68 429 291 153 286 190 
543 58 641 42 371 92 687 412 124 125 669 551 636 825 763 756 336 560 342 421 790 428 337 458 208 264 682 11 554 41 82 159 105 804 726 30 229 525 213 131 656 664 252 218 174 65 813 82 521 474 338 584 591 770 609 361 62 151 271 748 399 39 365 2 746 742 149 504 22 94 129 400 x 580 60 148 190 473 784 602 538 135 757 239 204 615 729 348 755 11 196 676 681 281 468 829 691 247 686 590 
37 638 61 538 209 488 107 168 456 705 89 29 56 245 183 176 244 20 238 159 210 152 243 122 372 316 102 591 26 621 662 421 685 224 146 550 351 55 367 711 76 84 328 362 406 515 233 498 59 106 242 4 11 190 29 219 642 429 309 168 181 541 215 578 166 162 729 76 558 486 709 180 580 x 520 432 390 107 204 22 42 445 177 341 376 35 149 232 175 569 384 96 101 299 112 249 111 333 106 10 
483 118 581 18 311 32 627 352 64 185 609 491 576 765 703 696 276 500 282 361 730 368 277 398 148 204 622 71 494 101 142 99 165 744 666 30 169 465 153 191 596 604 192 158 114 5 753 22 461 414 278 524 531 710 549 301 122 91 211 688 339 21 305 58 686 682 209 444 38 34 189 340 60 520 x 88 130 413 724 542 478 75 697 179 144 555 669 288 695 49 136 616 621 221 408 769 631 187 626 530 
395 206 493 106 223 56 539 264 24 273 521 403 488 677 615 608 188 412 194 273 642 280 189 310 60 116 534 159 406 189 230 11 253 656 578 118 81 377 65 279 508 516 104 70 26 83 665 66 373 326 190 436 443 622 461 213 210 3 123 600 251 109 217 146 598 594 297 356 126 54 277 252 148 432 88 x 42 325 636 454 390 13 609 91 56 467 581 200 607 137 48 528 533 133 320 681 543 99 538 442 
353 248 451 148 181 98 497 222 66 315 479 361 446 635 573 566 146 370 152 231 600 238 147 268 18 74 492 201 364 231 272 31 295 614 536 160 39 335 23 321 466 474 62 28 16 125 623 108 331 284 148 394 401 580 419 171 252 39 81 558 209 151 175 188 556 552 339 314 168 96 319 210 190 390 130 42 x 283 594 412 348 55 567 49 14 425 539 158 565 179 6 486 491 91 278 639 501 57 496 400 
70 531 168 431 102 381 214 61 349 598 196 78 163 352 290 283 137 87 131 52 317 45 136 15 265 209 209 484 81 514 555 314 578 331 253 443 244 52 260 604 183 191 221 255 299 408 340 391 48 1 135 111 118 297 136 112 535 322 202 275 74 434 108 471 273 269 622 31 451 379 602 73 473 107 413 325 283 x 311 129 65 338 284 234 269 142 256 125 282 462 277 203 208 192 5 356 218 226 213 117 
241 842 143 742 413 692 97 372 660 909 115 233 148 41 21 28 448 224 442 363 6 356 447 326 576 520 102 795 230 825 866 625 889 20 58 754 555 259 571 915 128 120 532 566 610 719 29 702 263 310 446 200 193 14 175 423 846 633 513 36 385 745 419 782 38 42 933 280 762 690 913 384 784 204 724 636 594 311 x 182 246 649 27 545 580 169 55 436 29 773 588 108 103 503 316 45 93 537 98 194 
59 660 39 560 231 510 85 190 478 727 67 51 34 223 161 154 266 42 260 181 188 174 265 144 394 338 80 613 48 643 684 443 707 202 124 572 373 77 389 733 54 62 350 384 428 537 211 520 81 128 264 18 11 168 7 241 664 451 331 146 203 563 237 600 144 140 751 98 580 508 731 202 602 22 542 454 412 129 182 x 64 467 155 363 398 13 127 254 153 591 406 74 79 321 134 227 89 355 84 12 
5 596 103 496 167 446 149 126 414 663 131 13 98 287 225 218 202 22 196 117 252 110 201 80 330 274 144 549 16 579 620 379 643 266 188 508 309 13 325 669 118 126 286 320 364 473 275 456 17 64 200 46 53 232 71 177 600 387 267 210 139 499 173 536 208 204 687 34 516 444 667 138 538 42 478 390 348 65 246 64 x 403 219 299 334 77 191 190 217 527 342 138 143 257 70 291 153 291 148 52 
408 193 506 93 236 43 552 277 11 260 534 416 501 690 628 621 201 425 207 286 655 293 202 323 73 129 547 146 419 176 217 24 240 669 591 105 94 390 78 266 521 529 117 83 39 70 678 53 386 339 203 449 456 635 474 226 197 16 136 613 264 96 230 133 611 607 284 369 113 41 264 265 135 445 75 13 55 338 649 467 403 x 622 104 69 480 594 213 620 124 61 541 546 146 333 694 556 112 551 455 
214 815 116 715 386 665 70 345 633 882 88 206 121 68 6 1 421 197 415 336 33 329 420 299 549 493 75 768 203 798 839 598 862 47 31 727 528 232 544 888 101 93 505 539 583 692 56 675 236 283 419 173 166 13 148 396 819 606 486 9 358 718 392 755 11 15 906 253 735 663 886 357 757 177 697 609 567 284 27 155 219 622 x 518 553 142 28 409 2 746 561 81 76 476 289 72 66 510 71 167 
304 297 402 197 132 147 448 173 115 364 430 312 397 586 524 517 97 321 103 182 551 189 98 219 31 25 443 250 315 280 321 80 344 565 487 209 10 286 26 370 417 425 13 21 65 174 574 157 282 235 99 345 352 531 370 122 301 88 32 509 160 200 126 237 507 503 388 265 217 145 368 161 239 341 179 91 49 234 545 363 299 104 518 x 35 376 490 109 516 228 43 437 442 42 229 590 452 8 447 351 
339 262 437 162 167 112 483 208 80 329 465 347 432 621 559 552 132 356 138 217 586 224 133 254 4 60 478 215 350 245 286 45 309 600 522 174 25 321 9 335 452 460 48 14 30 139 609 122 317 270 134 380 387 566 405 157 266 53 67 544 195 165 161 202 542 538 353 300 182 110 333 196 204 376 144 56 14 269 580 398 334 69 553 35 x 411 525 144 551 193 8 472 477 77 264 625 487 43 482 386 
72 673 26 573 244 523 72 203 491 740 54 64 21 210 148 141 279 55 273 194 175 187 278 157 407 351 67 626 61 656 697 456 720 189 111 585 386 90 402 746 41 49 363 397 441 550 198 533 94 141 277 31 24 155 6 254 677 464 344 133 216 576 250 613 131 127 764 111 593 521 744 215 615 35 555 467 425 142 169 13 77 480 142 376 411 x 114 267 140 604 419 61 66 334 147 214 76 368 71 25 
186 787 88 687 358 637 42 317 605 854 60 178 93 96 34 27 393 169 387 308 61 301 392 271 521 465 47 740 175 770 811 570 834 75 3 699 500 204 516 860 73 65 477 511 555 664 84 647 208 255 391 145 138 41 120 368 791 578 458 19 330 690 364 727 17 13 878 225 707 635 858 329 729 149 669 581 539 256 55 127 191 594 28 490 525 114 x 381 26 718 533 53 48 448 261 100 38 482 43 139 
195 406 293 306 23 256 339 64 224 473 321 203 288 477 415 408 12 212 6 73 442 80 11 110 140 84 334 359 206 389 430 189 453 456 378 318 119 177 135 479 308 316 96 130 174 283 465 266 173 126 10 236 243 422 261 13 410 197 77 400 51 309 17 346 398 394 497 156 326 254 477 52 348 232 288 200 158 125 436 254 190 213 409 109 144 267 381 x 407 337 152 328 333 67 120 481 343 101 338 242 
212 813 114 713 384 663 68 343 631 880 86 204 119 70 8 1 419 195 413 334 35 327 418 297 547 491 73 766 201 796 837 596 860 49 29 725 526 230 542 886 99 91 503 537 581 690 58 673 234 281 417 171 164 15 146 394 817 604 484 7 356 716 390 753 9 13 904 251 733 661 884 355 755 175 695 607 565 282 29 153 217 620 2 516 551 140 26 407 x 744 559 79 74 474 287 74 64 508 69 165 
532 69 630 31 360 81 676 401 113 136 658 540 625 814 752 745 325 549 331 410 779 417 326 447 197 253 671 22 543 52 93 148 116 793 715 19 218 514 202 142 645 653 241 207 163 54 802 71 510 463 327 573 580 759 598 350 73 140 260 737 388 28 354 9 735 731 160 493 11 83 140 389 11 569 49 137 179 462 773 591 527 124 746 228 193 604 718 337 744 x 185 665 670 270 457 818 680 236 675 579 
347 254 445 154 175 104 491 216 72 321 473 355 440 629 567 560 140 364 146 225 594 232 141 262 12 68 486 207 358 237 278 37 301 608 530 166 33 329 17 327 460 468 56 22 22 131 617 114 325 278 142 388 395 574 413 165 258 45 75 552 203 157 169 194 550 546 345 308 174 102 325 204 196 384 136 48 6 277 588 406 342 61 561 43 8 419 533 152 559 185 x 480 485 85 272 633 495 51 490 394 
133 734 35 634 305 584 11 264 552 801 7 125 40 149 87 80 340 116 334 255 114 248 339 218 468 412 6 687 122 717 758 517 781 128 50 646 447 151 463 807 20 12 424 458 502 611 137 594 155 202 338 92 85 94 67 315 738 525 405 72 277 637 311 674 70 66 825 172 654 582 805 276 676 96 616 528 486 203 108 74 138 541 81 437 472 61 53 328 79 665 480 x 5 395 208 153 15 429 10 86 
138 739 40 639 310 589 6 269 557 806 12 130 45 144 82 75 345 121 339 260 109 253 344 223 473 417 1 692 127 722 763 522 786 123 45 651 452 156 468 812 25 17 429 463 507 616 132 599 160 207 343 97 90 89 72 320 743 530 410 67 282 642 316 679 65 61 830 177 659 587 810 281 681 101 621 533 491 208 103 79 143 546 76 442 477 66 48 333 74 670 485 5 x 400 213 148 10 434 5 91 
262 339 360 239 90 189 406 131 157 406 388 270 355 544 482 475 55 279 61 140 509 147 56 177 73 17 401 292 273 322 363 122 386 523 445 251 52 244 68 412 375 383 29 63 107 216 532 199 240 193 57 303 310 489 328 80 343 130 10 467 118 242 84 279 465 461 430 223 259 187 410 119 281 299 221 133 91 192 503 321 257 146 476 42 77 334 448 67 474 270 85 395 400 x 187 548 410 34 405 309 
75 526 173 426 97 376 219 56 344 593 201 83 168 357 295 288 132 92 126 47 322 40 131 10 260 204 214 479 86 509 550 309 573 336 258 438 239 57 255 599 188 196 216 250 294 403 345 386 53 6 130 116 123 302 141 107 530 317 197 280 69 429 103 466 278 274 617 36 446 374 597 68 468 112 408 320 278 5 316 134 70 333 289 229 264 147 261 120 287 457 272 208 213 187 x 361 223 221 218 122 
286 887 188 787 458 737 142 417 705 954 160 278 193 4 66 73 493 269 487 408 39 401 492 371 621 565 147 840 275 870 911 670 934 25 103 799 600 304 616 960 173 165 577 611 655 764 16 747 308 355 491 245 238 59 220 468 891 678 558 81 430 790 464 827 83 87 978 325 807 735 958 429 829 249 769 681 639 356 45 227 291 694 72 590 625 214 100 481 74 818 633 153 148 548 361 x 138 582 143 239 
148 749 50 649 320 599 4 279 567 816 22 140 55 134 72 65 355 131 349 270 99 263 354 233 483 427 9 702 137 732 773 532 796 113 35 661 462 166 478 822 35 27 439 473 517 626 122 609 170 217 353 107 100 79 82 330 753 540 420 57 292 652 326 689 55 51 840 187 669 597 820 291 691 111 631 543 501 218 93 89 153 556 66 452 487 76 38 343 64 680 495 15 10 410 223 138 x 444 5 101 
296 305 394 205 124 155 440 165 123 372 422 304 389 578 516 509 89 313 95 174 543 181 90 211 39 17 435 258 307 288 329 88 352 557 479 217 18 278 34 378 409 417 5 29 73 182 566 165 274 227 91 337 344 523 362 114 309 96 24 501 152 208 118 245 499 495 396 257 225 153 376 153 247 333 187 99 57 226 537 355 291 112 510 8 43 368 482 101 508 236 51 429 434 34 221 582 444 x 439 343 
143 744 45 644 315 594 1 274 562 811 17 135 50 139 77 70 350 126 344 265 104 258 349 228 478 422 4 697 132 727 768 527 791 118 40 656 457 161 473 817 30 22 434 468 512 621 127 604 165 212 348 102 95 84 77 325 748 535 415 62 287 647 321 684 60 56 835 182 664 592 815 286 686 106 626 538 496 213 98 84 148 551 71 447 482 71 43 338 69 675 490 10 5 405 218 143 5 439 x 96 
47 648 51 548 219 498 97 178 466 715 79 39 46 235 173 166 254 30 248 169 200 162 253 132 382 326 92 601 36 631 672 431 695 214 136 560 361 65 377 721 66 74 338 372 416 525 223 508 69 116 252 6 1 180 19 229 652 439 319 158 191 551 225 588 156 152 739 86 568 496 719 190 590 10 530 442 400 117 194 12 52 455 167 351 386 25 139 242 165 579 394 86 91 309 122 239 101 343 96 x 
